0.022640 0.027122 0.031580 0.036009 0.040405 0.044764 0.049082 0.053355 0.057580 0.061753 0.065869 0.069924 0.073916 0.077841 0.081695 0.085474 0.089175 0.092794 0.096329 0.099776 0.103132 0.106394 0.109559 0.112624 0.115586 0.118443 0.121192 0.123830 0.126355 0.128765 0.131057 0.133230 0.135281 0.137209 0.139011 0.140687 0.142234 0.143652 0.144938 0.146092 0.147113 0.148000 0.148752 0.149367 0.149847 0.150190 0.150396 0.150465 0.150396 0.150190 0.149847 0.149367 0.148752 0.148000 0.147113 0.146092 0.144938 0.143652 0.142234 0.140687 0.139011 0.137209 0.135281 0.133230 0.131057 0.128765 0.126355 0.123830 0.121192 0.118443 0.115586 0.112624 0.109559 0.106394 0.103132 0.099776 0.096329 0.092794 0.089175 0.085474 0.081695 0.077841 0.073916 0.069924 0.065869 0.061753 0.057580 0.053355 0.049082 0.044764 0.040405 0.036009 0.031580 0.027122 0.022640 0.018136 0.013617 0.009085 0.004544 0.000000 -0.004544 -0.009085 -0.013617 -0.018136 -0.022640 -0.027122 -0.031580 -0.036009 -0.040405 -0.044764 -0.049082 -0.053355 -0.057580 -0.061753 -0.065868 -0.069924 -0.073916 -0.077841 -0.081695 -0.085474 -0.089175 -0.092794 -0.096329 -0.099776 -0.103132 -0.106394 -0.109559 -0.112624 -0.115586 -0.118443 -0.121192 -0.123830 -0.126355 -0.128765 -0.131057 -0.133230 -0.135281 -0.137209 -0.139011 -0.140687 -0.142234 -0.143652 -0.144938 -0.146092 -0.147113 -0.148000 -0.148752 -0.149367 -0.149847 -0.150190 -0.150396 -0.150465 -0.150396 -0.150190 -0.149847 -0.149367 -0.148752 -0.148000 -0.147113 -0.146092 -0.144938 -0.143652 -0.142234 -0.140687 -0.139011 -0.137209 -0.135281 -0.133230 -0.131057 -0.128765 -0.126355 -0.123830 -0.121192 -0.118443 -0.115586 -0.112624 -0.109559 -0.106394 -0.103132 -0.099776 -0.096329 -0.092794 -0.089175 -0.085474 -0.081695 -0.077841 -0.073916 -0.069924 -0.065869 -0.061753 -0.057580 -0.053355 -0.049082 -0.044764 -0.040405 -0.036009 -0.031580 -0.027122 -0.022640 -0.018136 
0.027122 0.032492 0.037832 0.043138 0.048404 0.053626 0.058800 0.063919 0.068981 0.073979 0.078910 0.083769 0.088551 0.093253 0.097869 0.102397 0.106830 0.111167 0.115402 0.119531 0.123552 0.127460 0.131251 0.134923 0.138471 0.141894 0.145187 0.148347 0.151372 0.154259 0.157005 0.159608 0.162065 0.164375 0.166534 0.168541 0.170395 0.172093 0.173634 0.175017 0.176240 0.177302 0.178203 0.178941 0.179515 0.179926 0.180173 0.180255 0.180173 0.179926 0.179515 0.178941 0.178203 0.177302 0.176240 0.175017 0.173634 0.172093 0.170395 0.168541 0.166534 0.164375 0.162065 0.159608 0.157005 0.154259 0.151372 0.148347 0.145187 0.141894 0.138471 0.134923 0.131251 0.127460 0.123552 0.119531 0.115402 0.111167 0.106830 0.102397 0.097869 0.093253 0.088551 0.083769 0.078910 0.073979 0.068981 0.063919 0.058800 0.053626 0.048404 0.043138 0.037832 0.032492 0.027122 0.021727 0.016313 0.010884 0.005444 0.000000 -0.005444 -0.010884 -0.016313 -0.021727 -0.027122 -0.032492 -0.037832 -0.043138 -0.048404 -0.053626 -0.058800 -0.063919 -0.068981 -0.073979 -0.078910 -0.083769 -0.088551 -0.093253 -0.097869 -0.102397 -0.106830 -0.111167 -0.115402 -0.119531 -0.123552 -0.127460 -0.131251 -0.134923 -0.138471 -0.141894 -0.145187 -0.148347 -0.151372 -0.154259 -0.157005 -0.159608 -0.162065 -0.164375 -0.166534 -0.168541 -0.170395 -0.172093 -0.173634 -0.175017 -0.176240 -0.177302 -0.178203 -0.178941 -0.179515 -0.179926 -0.180173 -0.180255 -0.180173 -0.179926 -0.179515 -0.178941 -0.178203 -0.177302 -0.176240 -0.175017 -0.173634 -0.172093 -0.170395 -0.168541 -0.166534 -0.164375 -0.162065 -0.159608 -0.157005 -0.154259 -0.151372 -0.148347 -0.145187 -0.141894 -0.138471 -0.134923 -0.131251 -0.127460 -0.123552 -0.119531 -0.115402 -0.111167 -0.106830 -0.102397 -0.097869 -0.093253 -0.088551 -0.083769 -0.078910 -0.073979 -0.068981 -0.063919 -0.058800 -0.053626 -0.048404 -0.043138 -0.037832 -0.032492 -0.027122 -0.021727 
0.031580 0.037832 0.044050 0.050228 0.056360 0.062440 0.068464 0.074425 0.080318 0.086138 0.091879 0.097537 0.103105 0.108579 0.113955 0.119226 0.124389 0.129438 0.134369 0.139177 0.143858 0.148408 0.152823 0.157098 0.161230 0.165215 0.169049 0.172729 0.176251 0.179612 0.182810 0.185840 0.188702 0.191391 0.193905 0.196242 0.198401 0.200378 0.202172 0.203782 0.205206 0.206443 0.207492 0.208351 0.209020 0.209498 0.209785 0.209881 0.209785 0.209498 0.209020 0.208351 0.207492 0.206443 0.205206 0.203782 0.202172 0.200378 0.198401 0.196242 0.193905 0.191391 0.188702 0.185840 0.182810 0.179612 0.176251 0.172729 0.169049 0.165215 0.161230 0.157098 0.152823 0.148408 0.143858 0.139177 0.134369 0.129438 0.124389 0.119226 0.113955 0.108579 0.103105 0.097537 0.091879 0.086138 0.080318 0.074425 0.068464 0.062440 0.056360 0.050228 0.044050 0.037832 0.031580 0.025298 0.018994 0.012672 0.006339 0.000000 -0.006339 -0.012672 -0.018994 -0.025298 -0.031580 -0.037832 -0.044050 -0.050228 -0.056360 -0.062440 -0.068464 -0.074425 -0.080318 -0.086138 -0.091879 -0.097537 -0.103105 -0.108579 -0.113955 -0.119226 -0.124389 -0.129438 -0.134369 -0.139177 -0.143858 -0.148408 -0.152823 -0.157098 -0.161230 -0.165215 -0.169049 -0.172729 -0.176251 -0.179612 -0.182810 -0.185840 -0.188702 -0.191391 -0.193905 -0.196242 -0.198401 -0.200378 -0.202172 -0.203782 -0.205206 -0.206443 -0.207492 -0.208351 -0.209020 -0.209498 -0.209785 -0.209881 -0.209785 -0.209498 -0.209020 -0.208351 -0.207492 -0.206443 -0.205206 -0.203782 -0.202172 -0.200378 -0.198401 -0.196242 -0.193905 -0.191391 -0.188702 -0.185840 -0.182810 -0.179612 -0.176251 -0.172729 -0.169049 -0.165215 -0.161230 -0.157098 -0.152823 -0.148408 -0.143858 -0.139177 -0.134369 -0.129438 -0.124389 -0.119226 -0.113955 -0.108579 -0.103105 -0.097537 -0.091879 -0.086138 -0.080318 -0.074425 -0.068464 -0.062440 -0.056360 -0.050228 -0.044050 -0.037832 -0.031580 -0.025298 
0.036009 0.043138 0.050228 0.057272 0.064264 0.071197 0.078065 0.084863 0.091582 0.098218 0.104765 0.111216 0.117565 0.123807 0.129936 0.135947 0.141833 0.147590 0.153213 0.158696 0.164034 0.169222 0.174256 0.179130 0.183842 0.188385 0.192757 0.196953 0.200969 0.204802 0.208448 0.211903 0.215166 0.218232 0.221099 0.223764 0.226225 0.228480 0.230526 0.232362 0.233985 0.235396 0.236591 0.237571 0.238334 0.238879 0.239206 0.239316 0.239206 0.238879 0.238334 0.237571 0.236591 0.235396 0.233985 0.232362 0.230526 0.228480 0.226225 0.223764 0.221099 0.218232 0.215166 0.211903 0.208448 0.204802 0.200969 0.196953 0.192757 0.188385 0.183842 0.179130 0.174256 0.169222 0.164034 0.158696 0.153213 0.147590 0.141833 0.135947 0.129936 0.123807 0.117565 0.111216 0.104765 0.098218 0.091582 0.084863 0.078065 0.071197 0.064264 0.057272 0.050228 0.043138 0.036009 0.028846 0.021658 0.014450 0.007228 0.000000 -0.007228 -0.014450 -0.021658 -0.028846 -0.036009 -0.043138 -0.050228 -0.057272 -0.064264 -0.071197 -0.078065 -0.084863 -0.091582 -0.098218 -0.104765 -0.111216 -0.117565 -0.123807 -0.129936 -0.135947 -0.141833 -0.147590 -0.153213 -0.158696 -0.164034 -0.169222 -0.174256 -0.179130 -0.183842 -0.188385 -0.192757 -0.196953 -0.200969 -0.204802 -0.208448 -0.211903 -0.215166 -0.218232 -0.221099 -0.223764 -0.226225 -0.228480 -0.230526 -0.232362 -0.233985 -0.235396 -0.236591 -0.237571 -0.238334 -0.238879 -0.239206 -0.239316 -0.239206 -0.238879 -0.238334 -0.237571 -0.236591 -0.235396 -0.233985 -0.232362 -0.230526 -0.228480 -0.226225 -0.223764 -0.221099 -0.218232 -0.215166 -0.211903 -0.208448 -0.204802 -0.200969 -0.196953 -0.192757 -0.188385 -0.183842 -0.179130 -0.174256 -0.169222 -0.164034 -0.158696 -0.153213 -0.147590 -0.141833 -0.135947 -0.129936 -0.123807 -0.117565 -0.111216 -0.104765 -0.098218 -0.091582 -0.084863 -0.078065 -0.071197 -0.064264 -0.057272 -0.050228 -0.043138 -0.036009 -0.028846 
0.040405 0.048404 0.056360 0.064264 0.072109 0.079889 0.087596 0.095223 0.102763 0.110209 0.117555 0.124793 0.131918 0.138922 0.145799 0.152543 0.159149 0.165609 0.171918 0.178070 0.184059 0.189881 0.195529 0.200999 0.206286 0.211384 0.216289 0.220997 0.225504 0.229805 0.233896 0.237773 0.241434 0.244874 0.248091 0.251082 0.253843 0.256373 0.258669 0.260729 0.262551 0.264133 0.265475 0.266574 0.267430 0.268042 0.268409 0.268532 0.268409 0.268042 0.267430 0.266574 0.265475 0.264133 0.262551 0.260729 0.258669 0.256373 0.253843 0.251082 0.248091 0.244874 0.241434 0.237773 0.233896 0.229805 0.225504 0.220997 0.216289 0.211384 0.206286 0.200999 0.195529 0.189881 0.184059 0.178070 0.171918 0.165609 0.159149 0.152543 0.145799 0.138922 0.131918 0.124793 0.117555 0.110209 0.102763 0.095223 0.087596 0.079889 0.072109 0.064264 0.056360 0.048404 0.040405 0.032368 0.024302 0.016214 0.008110 0.000000 -0.008110 -0.016214 -0.024302 -0.032368 -0.040405 -0.048404 -0.056360 -0.064264 -0.072109 -0.079889 -0.087596 -0.095223 -0.102763 -0.110209 -0.117555 -0.124793 -0.131918 -0.138922 -0.145799 -0.152543 -0.159149 -0.165609 -0.171918 -0.178070 -0.184059 -0.189881 -0.195529 -0.200999 -0.206286 -0.211384 -0.216289 -0.220997 -0.225504 -0.229805 -0.233896 -0.237773 -0.241434 -0.244874 -0.248091 -0.251082 -0.253843 -0.256373 -0.258669 -0.260729 -0.262551 -0.264133 -0.265475 -0.266574 -0.267430 -0.268042 -0.268409 -0.268532 -0.268409 -0.268042 -0.267430 -0.266574 -0.265475 -0.264133 -0.262551 -0.260729 -0.258669 -0.256373 -0.253843 -0.251082 -0.248091 -0.244874 -0.241434 -0.237773 -0.233896 -0.229805 -0.225504 -0.220997 -0.216289 -0.211384 -0.206286 -0.200999 -0.195529 -0.189881 -0.184059 -0.178070 -0.171918 -0.165609 -0.159149 -0.152543 -0.145799 -0.138922 -0.131918 -0.124793 -0.117555 -0.110209 -0.102763 -0.095223 -0.087596 -0.079889 -0.072109 -0.064264 -0.056360 -0.048404 -0.040405 -0.032368 
0.044764 0.053626 0.062440 0.071197 0.079889 0.088508 0.097046 0.105496 0.113849 0.122099 0.130237 0.138257 0.146150 0.153910 0.161529 0.169001 0.176319 0.183476 0.190465 0.197281 0.203917 0.210366 0.216624 0.222684 0.228541 0.234189 0.239624 0.244840 0.249833 0.254598 0.259130 0.263426 0.267481 0.271293 0.274857 0.278170 0.281230 0.284032 0.286576 0.288858 0.290877 0.292630 0.294116 0.295334 0.296282 0.296960 0.297367 0.297503 0.297367 0.296960 0.296282 0.295334 0.294116 0.292630 0.290877 0.288858 0.286576 0.284032 0.281230 0.278170 0.274857 0.271293 0.267481 0.263426 0.259130 0.254598 0.249833 0.244840 0.239624 0.234189 0.228541 0.222684 0.216624 0.210366 0.203917 0.197281 0.190465 0.183476 0.176319 0.169001 0.161529 0.153910 0.146150 0.138257 0.130237 0.122099 0.113849 0.105496 0.097046 0.088508 0.079889 0.071197 0.062440 0.053626 0.044764 0.035860 0.026924 0.017963 0.008985 0.000000 -0.008985 -0.017963 -0.026924 -0.035860 -0.044764 -0.053626 -0.062440 -0.071197 -0.079889 -0.088508 -0.097046 -0.105496 -0.113849 -0.122099 -0.130237 -0.138257 -0.146150 -0.153910 -0.161529 -0.169001 -0.176319 -0.183476 -0.190465 -0.197281 -0.203917 -0.210366 -0.216624 -0.222684 -0.228541 -0.234189 -0.239624 -0.244840 -0.249833 -0.254598 -0.259130 -0.263426 -0.267481 -0.271293 -0.274857 -0.278170 -0.281230 -0.284032 -0.286576 -0.288858 -0.290877 -0.292630 -0.294116 -0.295334 -0.296282 -0.296960 -0.297367 -0.297503 -0.297367 -0.296960 -0.296282 -0.295334 -0.294116 -0.292630 -0.290877 -0.288858 -0.286576 -0.284032 -0.281230 -0.278170 -0.274857 -0.271293 -0.267481 -0.263426 -0.259130 -0.254598 -0.249833 -0.244840 -0.239624 -0.234189 -0.228541 -0.222684 -0.216624 -0.210366 -0.203917 -0.197281 -0.190465 -0.183476 -0.176319 -0.169001 -0.161529 -0.153910 -0.146150 -0.138257 -0.130237 -0.122099 -0.113849 -0.105496 -0.097046 -0.088508 -0.079889 -0.071197 -0.062440 -0.053626 -0.044764 -0.035860 
0.049082 0.058800 0.068464 0.078065 0.087596 0.097046 0.106408 0.115673 0.124832 0.133878 0.142801 0.151594 0.160249 0.168757 0.177111 0.185304 0.193328 0.201175 0.208839 0.216312 0.223588 0.230660 0.237522 0.244166 0.250588 0.256781 0.262740 0.268460 0.273934 0.279158 0.284128 0.288838 0.293285 0.297464 0.301372 0.305005 0.308359 0.311433 0.314222 0.316724 0.318937 0.320860 0.322489 0.323824 0.324864 0.325608 0.326054 0.326203 0.326054 0.325608 0.324864 0.323824 0.322489 0.320860 0.318937 0.316724 0.314222 0.311433 0.308359 0.305005 0.301372 0.297464 0.293285 0.288838 0.284128 0.279158 0.273934 0.268460 0.262740 0.256781 0.250588 0.244166 0.237522 0.230660 0.223588 0.216312 0.208839 0.201175 0.193328 0.185304 0.177111 0.168757 0.160249 0.151594 0.142801 0.133878 0.124832 0.115673 0.106408 0.097046 0.087596 0.078065 0.068464 0.058800 0.049082 0.039319 0.029521 0.019696 0.009852 0.000000 -0.009852 -0.019696 -0.029521 -0.039319 -0.049082 -0.058800 -0.068464 -0.078065 -0.087596 -0.097046 -0.106408 -0.115673 -0.124832 -0.133878 -0.142801 -0.151594 -0.160249 -0.168757 -0.177111 -0.185304 -0.193328 -0.201175 -0.208839 -0.216312 -0.223588 -0.230660 -0.237522 -0.244166 -0.250588 -0.256781 -0.262740 -0.268460 -0.273934 -0.279158 -0.284128 -0.288838 -0.293285 -0.297464 -0.301372 -0.305005 -0.308359 -0.311433 -0.314222 -0.316724 -0.318937 -0.320860 -0.322489 -0.323824 -0.324864 -0.325608 -0.326054 -0.326203 -0.326054 -0.325608 -0.324864 -0.323824 -0.322489 -0.320860 -0.318937 -0.316724 -0.314222 -0.311433 -0.308359 -0.305005 -0.301372 -0.297464 -0.293285 -0.288838 -0.284128 -0.279158 -0.273934 -0.268460 -0.262740 -0.256781 -0.250588 -0.244166 -0.237522 -0.230660 -0.223588 -0.216312 -0.208839 -0.201175 -0.193328 -0.185304 -0.177111 -0.168757 -0.160249 -0.151594 -0.142801 -0.133878 -0.124832 -0.115673 -0.106408 -0.097046 -0.087596 -0.078065 -0.068464 -0.058800 -0.049082 -0.039319 
0.053355 0.063919 0.074425 0.084863 0.095223 0.105496 0.115673 0.125745 0.135701 0.145534 0.155235 0.164793 0.174201 0.183451 0.192532 0.201439 0.210161 0.218692 0.227023 0.235147 0.243056 0.250744 0.258202 0.265426 0.272407 0.279139 0.285617 0.291834 0.297785 0.303464 0.308867 0.313987 0.318821 0.323364 0.327612 0.331561 0.335208 0.338549 0.341581 0.344301 0.346707 0.348796 0.350568 0.352019 0.353150 0.353958 0.354443 0.354605 0.354443 0.353958 0.353150 0.352019 0.350568 0.348796 0.346707 0.344301 0.341581 0.338549 0.335208 0.331561 0.327612 0.323364 0.318821 0.313987 0.308867 0.303464 0.297785 0.291834 0.285617 0.279139 0.272407 0.265426 0.258202 0.250744 0.243056 0.235147 0.227023 0.218692 0.210161 0.201439 0.192532 0.183451 0.174201 0.164793 0.155235 0.145534 0.135701 0.125745 0.115673 0.105496 0.095223 0.084863 0.074425 0.063919 0.053355 0.042743 0.032091 0.021411 0.010710 0.000000 -0.010710 -0.021411 -0.032091 -0.042743 -0.053355 -0.063919 -0.074425 -0.084863 -0.095223 -0.105496 -0.115673 -0.125745 -0.135701 -0.145534 -0.155235 -0.164793 -0.174201 -0.183451 -0.192532 -0.201439 -0.210161 -0.218692 -0.227023 -0.235147 -0.243056 -0.250744 -0.258202 -0.265426 -0.272407 -0.279139 -0.285617 -0.291834 -0.297785 -0.303464 -0.308867 -0.313987 -0.318821 -0.323364 -0.327612 -0.331561 -0.335208 -0.338549 -0.341581 -0.344301 -0.346707 -0.348796 -0.350568 -0.352019 -0.353150 -0.353958 -0.354443 -0.354605 -0.354443 -0.353958 -0.353150 -0.352019 -0.350568 -0.348796 -0.346707 -0.344301 -0.341581 -0.338549 -0.335208 -0.331561 -0.327612 -0.323364 -0.318821 -0.313987 -0.308867 -0.303464 -0.297785 -0.291834 -0.285617 -0.279139 -0.272407 -0.265426 -0.258202 -0.250744 -0.243056 -0.235147 -0.227023 -0.218692 -0.210161 -0.201439 -0.192532 -0.183451 -0.174201 -0.164793 -0.155235 -0.145534 -0.135701 -0.125745 -0.115673 -0.105496 -0.095223 -0.084863 -0.074425 -0.063919 -0.053355 -0.042743 
0.057580 0.068981 0.080318 0.091582 0.102763 0.113849 0.124832 0.135701 0.146447 0.157058 0.167526 0.177842 0.187995 0.197977 0.207778 0.217389 0.226802 0.236008 0.244999 0.253766 0.262302 0.270598 0.278647 0.286443 0.293976 0.301242 0.308233 0.314942 0.321364 0.327493 0.333323 0.338849 0.344066 0.348969 0.353553 0.357815 0.361751 0.365356 0.368628 0.371563 0.374160 0.376415 0.378327 0.379893 0.381113 0.381985 0.382509 0.382683 0.382509 0.381985 0.381113 0.379893 0.378327 0.376415 0.374160 0.371563 0.368628 0.365356 0.361751 0.357815 0.353553 0.348969 0.344066 0.338849 0.333323 0.327493 0.321364 0.314942 0.308233 0.301242 0.293976 0.286443 0.278647 0.270598 0.262302 0.253766 0.244999 0.236008 0.226802 0.217389 0.207778 0.197977 0.187995 0.177842 0.167526 0.157058 0.146447 0.135701 0.124832 0.113849 0.102763 0.091582 0.080318 0.068981 0.057580 0.046127 0.034632 0.023106 0.011558 0.000000 -0.011558 -0.023106 -0.034632 -0.046127 -0.057580 -0.068981 -0.080318 -0.091582 -0.102763 -0.113849 -0.124832 -0.135701 -0.146447 -0.157058 -0.167526 -0.177842 -0.187995 -0.197977 -0.207778 -0.217389 -0.226802 -0.236008 -0.244999 -0.253766 -0.262302 -0.270598 -0.278647 -0.286443 -0.293976 -0.301242 -0.308233 -0.314942 -0.321364 -0.327493 -0.333323 -0.338849 -0.344066 -0.348969 -0.353553 -0.357815 -0.361751 -0.365356 -0.368628 -0.371563 -0.374160 -0.376415 -0.378327 -0.379893 -0.381113 -0.381985 -0.382509 -0.382683 -0.382509 -0.381985 -0.381113 -0.379893 -0.378327 -0.376415 -0.374160 -0.371563 -0.368628 -0.365356 -0.361751 -0.357815 -0.353553 -0.348969 -0.344066 -0.338849 -0.333323 -0.327493 -0.321364 -0.314942 -0.308233 -0.301242 -0.293976 -0.286443 -0.278647 -0.270598 -0.262302 -0.253766 -0.244999 -0.236008 -0.226802 -0.217389 -0.207778 -0.197977 -0.187995 -0.177842 -0.167526 -0.157058 -0.146447 -0.135701 -0.124832 -0.113849 -0.102763 -0.091582 -0.080318 -0.068981 -0.057580 -0.046127 
0.061753 0.073979 0.086138 0.098218 0.110209 0.122099 0.133878 0.145534 0.157058 0.168439 0.179665 0.190728 0.201617 0.212322 0.222833 0.233141 0.243236 0.253109 0.262752 0.272154 0.281308 0.290206 0.298838 0.307198 0.315278 0.323070 0.330567 0.337763 0.344651 0.351224 0.357476 0.363402 0.368997 0.374255 0.379172 0.383743 0.387963 0.391830 0.395339 0.398487 0.401272 0.403690 0.405740 0.407420 0.408729 0.409664 0.410226 0.410413 0.410226 0.409664 0.408729 0.407420 0.405740 0.403690 0.401272 0.398487 0.395339 0.391830 0.387963 0.383743 0.379172 0.374255 0.368997 0.363402 0.357476 0.351224 0.344651 0.337763 0.330567 0.323070 0.315278 0.307198 0.298838 0.290206 0.281308 0.272154 0.262752 0.253109 0.243236 0.233141 0.222833 0.212322 0.201617 0.190728 0.179665 0.168439 0.157058 0.145534 0.133878 0.122099 0.110209 0.098218 0.086138 0.073979 0.061753 0.049470 0.037142 0.024780 0.012396 0.000000 -0.012396 -0.024780 -0.037142 -0.049470 -0.061753 -0.073979 -0.086138 -0.098218 -0.110209 -0.122099 -0.133878 -0.145534 -0.157058 -0.168439 -0.179665 -0.190728 -0.201617 -0.212322 -0.222833 -0.233141 -0.243236 -0.253109 -0.262752 -0.272154 -0.281308 -0.290206 -0.298838 -0.307198 -0.315278 -0.323070 -0.330567 -0.337763 -0.344651 -0.351224 -0.357476 -0.363402 -0.368997 -0.374255 -0.379172 -0.383743 -0.387963 -0.391830 -0.395339 -0.398487 -0.401272 -0.403690 -0.405740 -0.407420 -0.408729 -0.409664 -0.410226 -0.410413 -0.410226 -0.409664 -0.408729 -0.407420 -0.405740 -0.403690 -0.401272 -0.398487 -0.395339 -0.391830 -0.387963 -0.383743 -0.379172 -0.374255 -0.368997 -0.363402 -0.357476 -0.351224 -0.344651 -0.337763 -0.330567 -0.323070 -0.315278 -0.307198 -0.298838 -0.290206 -0.281308 -0.272154 -0.262752 -0.253109 -0.243236 -0.233141 -0.222833 -0.212322 -0.201617 -0.190728 -0.179665 -0.168439 -0.157058 -0.145534 -0.133878 -0.122099 -0.110209 -0.098218 -0.086138 -0.073979 -0.061753 -0.049470 
0.065869 0.078910 0.091879 0.104765 0.117555 0.130237 0.142801 0.155235 0.167526 0.179665 0.191641 0.203441 0.215055 0.226474 0.237686 0.248680 0.259448 0.269980 0.280265 0.290294 0.300058 0.309549 0.318757 0.327674 0.336292 0.344604 0.352600 0.360276 0.367622 0.374633 0.381303 0.387624 0.393592 0.399200 0.404445 0.409320 0.413822 0.417946 0.421689 0.425047 0.428017 0.430597 0.432784 0.434576 0.435971 0.436969 0.437568 0.437768 0.437568 0.436969 0.435971 0.434576 0.432784 0.430597 0.428017 0.425047 0.421689 0.417946 0.413822 0.409320 0.404445 0.399200 0.393592 0.387624 0.381303 0.374633 0.367622 0.360276 0.352600 0.344604 0.336292 0.327674 0.318757 0.309549 0.300058 0.290294 0.280265 0.269980 0.259448 0.248680 0.237686 0.226474 0.215055 0.203441 0.191641 0.179665 0.167526 0.155235 0.142801 0.130237 0.117555 0.104765 0.091879 0.078910 0.065869 0.052767 0.039617 0.026432 0.013222 0.000000 -0.013222 -0.026432 -0.039617 -0.052767 -0.065868 -0.078910 -0.091879 -0.104765 -0.117555 -0.130237 -0.142801 -0.155235 -0.167526 -0.179665 -0.191641 -0.203441 -0.215055 -0.226474 -0.237686 -0.248680 -0.259448 -0.269980 -0.280265 -0.290294 -0.300058 -0.309549 -0.318757 -0.327674 -0.336292 -0.344604 -0.352600 -0.360276 -0.367622 -0.374633 -0.381303 -0.387624 -0.393592 -0.399200 -0.404445 -0.409320 -0.413822 -0.417946 -0.421689 -0.425047 -0.428017 -0.430597 -0.432784 -0.434576 -0.435971 -0.436969 -0.437568 -0.437768 -0.437568 -0.436969 -0.435971 -0.434576 -0.432784 -0.430597 -0.428017 -0.425047 -0.421689 -0.417946 -0.413822 -0.409320 -0.404445 -0.399200 -0.393592 -0.387624 -0.381303 -0.374633 -0.367622 -0.360276 -0.352600 -0.344604 -0.336292 -0.327674 -0.318757 -0.309549 -0.300058 -0.290294 -0.280265 -0.269980 -0.259448 -0.248680 -0.237686 -0.226474 -0.215055 -0.203441 -0.191641 -0.179665 -0.167526 -0.155235 -0.142801 -0.130237 -0.117555 -0.104765 -0.091879 -0.078910 -0.065869 -0.052767 
0.069924 0.083769 0.097537 0.111216 0.124793 0.138257 0.151594 0.164793 0.177842 0.190728 0.203441 0.215968 0.228297 0.240419 0.252321 0.263993 0.275424 0.286604 0.297522 0.308168 0.318534 0.328609 0.338384 0.347850 0.356999 0.365822 0.374312 0.382460 0.390259 0.397701 0.404781 0.411492 0.417827 0.423781 0.429348 0.434524 0.439303 0.443681 0.447654 0.451219 0.454372 0.457111 0.459432 0.461335 0.462816 0.463875 0.464511 0.464723 0.464511 0.463875 0.462816 0.461335 0.459432 0.457111 0.454372 0.451219 0.447654 0.443681 0.439303 0.434524 0.429348 0.423781 0.417827 0.411492 0.404781 0.397701 0.390259 0.382460 0.374312 0.365822 0.356999 0.347850 0.338384 0.328609 0.318534 0.308168 0.297522 0.286604 0.275424 0.263993 0.252321 0.240419 0.228297 0.215968 0.203441 0.190728 0.177842 0.164793 0.151594 0.138257 0.124793 0.111216 0.097537 0.083769 0.069924 0.056016 0.042057 0.028059 0.014036 0.000000 -0.014036 -0.028059 -0.042057 -0.056016 -0.069924 -0.083769 -0.097537 -0.111216 -0.124793 -0.138257 -0.151594 -0.164793 -0.177842 -0.190728 -0.203441 -0.215968 -0.228297 -0.240419 -0.252321 -0.263993 -0.275424 -0.286604 -0.297522 -0.308168 -0.318534 -0.328609 -0.338384 -0.347850 -0.356999 -0.365822 -0.374312 -0.382460 -0.390259 -0.397701 -0.404781 -0.411492 -0.417827 -0.423781 -0.429348 -0.434524 -0.439303 -0.443681 -0.447654 -0.451219 -0.454372 -0.457111 -0.459432 -0.461335 -0.462816 -0.463875 -0.464511 -0.464723 -0.464511 -0.463875 -0.462816 -0.461335 -0.459432 -0.457111 -0.454372 -0.451219 -0.447654 -0.443681 -0.439303 -0.434524 -0.429348 -0.423781 -0.417827 -0.411492 -0.404781 -0.397701 -0.390259 -0.382460 -0.374312 -0.365822 -0.356999 -0.347850 -0.338384 -0.328609 -0.318534 -0.308168 -0.297522 -0.286604 -0.275424 -0.263993 -0.252321 -0.240419 -0.228297 -0.215968 -0.203441 -0.190728 -0.177842 -0.164793 -0.151594 -0.138257 -0.124793 -0.111216 -0.097537 -0.083769 -0.069924 -0.056016 
0.073916 0.088551 0.103105 0.117565 0.131918 0.146150 0.160249 0.174201 0.187995 0.201617 0.215055 0.228297 0.241331 0.254145 0.266726 0.279064 0.291148 0.302966 0.314508 0.325762 0.336719 0.347369 0.357703 0.367709 0.377381 0.386708 0.395682 0.404295 0.412539 0.420406 0.427891 0.434984 0.441681 0.447975 0.453860 0.459331 0.464383 0.469011 0.473211 0.476980 0.480313 0.483208 0.485662 0.487673 0.489239 0.490358 0.491030 0.491255 0.491030 0.490358 0.489239 0.487673 0.485662 0.483208 0.480313 0.476980 0.473211 0.469011 0.464383 0.459331 0.453860 0.447975 0.441681 0.434984 0.427891 0.420406 0.412539 0.404295 0.395682 0.386708 0.377381 0.367709 0.357703 0.347369 0.336719 0.325762 0.314508 0.302966 0.291148 0.279064 0.266726 0.254145 0.241331 0.228297 0.215055 0.201617 0.187995 0.174201 0.160249 0.146150 0.131918 0.117565 0.103105 0.088551 0.073916 0.059214 0.044458 0.029661 0.014837 0.000000 -0.014837 -0.029661 -0.044458 -0.059214 -0.073916 -0.088551 -0.103105 -0.117565 -0.131918 -0.146150 -0.160249 -0.174201 -0.187995 -0.201617 -0.215055 -0.228297 -0.241331 -0.254145 -0.266726 -0.279064 -0.291148 -0.302966 -0.314508 -0.325762 -0.336719 -0.347369 -0.357703 -0.367709 -0.377381 -0.386708 -0.395682 -0.404295 -0.412539 -0.420406 -0.427891 -0.434984 -0.441681 -0.447975 -0.453860 -0.459331 -0.464383 -0.469011 -0.473211 -0.476980 -0.480313 -0.483208 -0.485662 -0.487673 -0.489239 -0.490358 -0.491030 -0.491255 -0.491030 -0.490358 -0.489239 -0.487673 -0.485662 -0.483208 -0.480313 -0.476980 -0.473211 -0.469011 -0.464383 -0.459331 -0.453860 -0.447975 -0.441681 -0.434984 -0.427891 -0.420406 -0.412539 -0.404295 -0.395682 -0.386708 -0.377381 -0.367709 -0.357703 -0.347369 -0.336719 -0.325762 -0.314508 -0.302966 -0.291148 -0.279064 -0.266726 -0.254145 -0.241331 -0.228297 -0.215055 -0.201617 -0.187995 -0.174201 -0.160249 -0.146150 -0.131918 -0.117565 -0.103105 -0.088551 -0.073916 -0.059214 
0.077841 0.093253 0.108579 0.123807 0.138922 0.153910 0.168757 0.183451 0.197977 0.212322 0.226474 0.240419 0.254145 0.267638 0.280888 0.293881 0.306607 0.319052 0.331206 0.343058 0.354598 0.365813 0.376695 0.387233 0.397418 0.407240 0.416690 0.425761 0.434443 0.442728 0.450610 0.458080 0.465132 0.471760 0.477958 0.483719 0.489039 0.493913 0.498336 0.502305 0.505815 0.508864 0.511448 0.513566 0.515215 0.516394 0.517102 0.517338 0.517102 0.516394 0.515215 0.513566 0.511448 0.508864 0.505815 0.502305 0.498336 0.493913 0.489039 0.483719 0.477958 0.471760 0.465132 0.458080 0.450610 0.442728 0.434443 0.425761 0.416690 0.407240 0.397418 0.387233 0.376695 0.365813 0.354598 0.343058 0.331206 0.319052 0.306607 0.293881 0.280888 0.267638 0.254145 0.240419 0.226474 0.212322 0.197977 0.183451 0.168757 0.153910 0.138922 0.123807 0.108579 0.093253 0.077841 0.062358 0.046818 0.031236 0.015625 0.000000 -0.015625 -0.031236 -0.046818 -0.062358 -0.077841 -0.093253 -0.108579 -0.123807 -0.138922 -0.153910 -0.168757 -0.183451 -0.197977 -0.212322 -0.226474 -0.240419 -0.254145 -0.267638 -0.280888 -0.293881 -0.306607 -0.319052 -0.331206 -0.343058 -0.354598 -0.365813 -0.376695 -0.387233 -0.397418 -0.407240 -0.416690 -0.425761 -0.434443 -0.442728 -0.450610 -0.458080 -0.465132 -0.471760 -0.477958 -0.483719 -0.489039 -0.493913 -0.498336 -0.502305 -0.505815 -0.508864 -0.511448 -0.513566 -0.515215 -0.516394 -0.517102 -0.517338 -0.517102 -0.516394 -0.515215 -0.513566 -0.511448 -0.508864 -0.505815 -0.502305 -0.498336 -0.493913 -0.489039 -0.483719 -0.477958 -0.471760 -0.465132 -0.458080 -0.450610 -0.442728 -0.434443 -0.425761 -0.416690 -0.407240 -0.397418 -0.387233 -0.376695 -0.365813 -0.354598 -0.343058 -0.331206 -0.319052 -0.306607 -0.293881 -0.280888 -0.267638 -0.254145 -0.240419 -0.226474 -0.212322 -0.197977 -0.183451 -0.168757 -0.153910 -0.138922 -0.123807 -0.108579 -0.093253 -0.077841 -0.062358 
0.081695 0.097869 0.113955 0.129936 0.145799 0.161529 0.177111 0.192532 0.207778 0.222833 0.237686 0.252321 0.266726 0.280888 0.294794 0.308430 0.321785 0.334847 0.347603 0.360042 0.372152 0.383923 0.395343 0.406403 0.417092 0.427400 0.437319 0.446838 0.455950 0.464646 0.472917 0.480757 0.488159 0.495115 0.501619 0.507666 0.513250 0.518365 0.523007 0.527172 0.530856 0.534055 0.536768 0.538990 0.540721 0.541958 0.542701 0.542949 0.542701 0.541958 0.540721 0.538990 0.536768 0.534055 0.530856 0.527172 0.523007 0.518365 0.513250 0.507666 0.501619 0.495115 0.488159 0.480757 0.472917 0.464646 0.455950 0.446838 0.437319 0.427400 0.417092 0.406403 0.395343 0.383923 0.372152 0.360042 0.347603 0.334847 0.321785 0.308430 0.294794 0.280888 0.266726 0.252321 0.237686 0.222833 0.207778 0.192532 0.177111 0.161529 0.145799 0.129936 0.113955 0.097869 0.081695 0.065445 0.049136 0.032782 0.016399 0.000000 -0.016399 -0.032782 -0.049136 -0.065445 -0.081695 -0.097869 -0.113955 -0.129936 -0.145799 -0.161529 -0.177111 -0.192532 -0.207778 -0.222833 -0.237686 -0.252321 -0.266726 -0.280888 -0.294794 -0.308430 -0.321785 -0.334847 -0.347603 -0.360042 -0.372152 -0.383923 -0.395343 -0.406403 -0.417092 -0.427400 -0.437319 -0.446838 -0.455950 -0.464646 -0.472917 -0.480757 -0.488159 -0.495115 -0.501619 -0.507666 -0.513250 -0.518365 -0.523007 -0.527172 -0.530856 -0.534055 -0.536768 -0.538990 -0.540721 -0.541958 -0.542701 -0.542949 -0.542701 -0.541958 -0.540721 -0.538990 -0.536768 -0.534055 -0.530856 -0.527172 -0.523007 -0.518365 -0.513250 -0.507666 -0.501619 -0.495115 -0.488159 -0.480757 -0.472917 -0.464646 -0.455950 -0.446838 -0.437319 -0.427400 -0.417092 -0.406403 -0.395343 -0.383923 -0.372152 -0.360042 -0.347603 -0.334847 -0.321785 -0.308430 -0.294794 -0.280888 -0.266726 -0.252321 -0.237686 -0.222833 -0.207778 -0.192532 -0.177111 -0.161529 -0.145799 -0.129936 -0.113955 -0.097869 -0.081695 -0.065445 
0.085474 0.102397 0.119226 0.135947 0.152543 0.169001 0.185304 0.201439 0.217389 0.233141 0.248680 0.263993 0.279064 0.293881 0.308430 0.322698 0.336670 0.350336 0.363682 0.376697 0.389367 0.401682 0.413631 0.425203 0.436386 0.447171 0.457548 0.467508 0.477041 0.486139 0.494793 0.502996 0.510740 0.518018 0.524823 0.531150 0.536991 0.542343 0.547200 0.551558 0.555412 0.558760 0.561598 0.563923 0.565734 0.567028 0.567806 0.568065 0.567806 0.567028 0.565734 0.563923 0.561598 0.558760 0.555412 0.551558 0.547200 0.542343 0.536991 0.531150 0.524823 0.518018 0.510740 0.502996 0.494793 0.486139 0.477041 0.467508 0.457548 0.447171 0.436386 0.425203 0.413631 0.401682 0.389367 0.376697 0.363682 0.350336 0.336670 0.322698 0.308430 0.293881 0.279064 0.263993 0.248680 0.233141 0.217389 0.201439 0.185304 0.169001 0.152543 0.135947 0.119226 0.102397 0.085474 0.068473 0.051409 0.034299 0.017157 0.000000 -0.017157 -0.034299 -0.051409 -0.068473 -0.085474 -0.102397 -0.119226 -0.135947 -0.152543 -0.169001 -0.185304 -0.201439 -0.217389 -0.233141 -0.248680 -0.263993 -0.279064 -0.293881 -0.308430 -0.322698 -0.336670 -0.350336 -0.363682 -0.376697 -0.389367 -0.401682 -0.413631 -0.425203 -0.436386 -0.447171 -0.457548 -0.467508 -0.477041 -0.486139 -0.494793 -0.502996 -0.510740 -0.518018 -0.524823 -0.531150 -0.536991 -0.542343 -0.547200 -0.551558 -0.555412 -0.558760 -0.561598 -0.563923 -0.565734 -0.567028 -0.567806 -0.568065 -0.567806 -0.567028 -0.565734 -0.563923 -0.561598 -0.558760 -0.555412 -0.551558 -0.547200 -0.542343 -0.536992 -0.531150 -0.524823 -0.518018 -0.510740 -0.502996 -0.494793 -0.486139 -0.477041 -0.467508 -0.457548 -0.447171 -0.436386 -0.425203 -0.413631 -0.401682 -0.389367 -0.376697 -0.363682 -0.350336 -0.336671 -0.322698 -0.308430 -0.293881 -0.279064 -0.263993 -0.248680 -0.233141 -0.217389 -0.201439 -0.185304 -0.169001 -0.152543 -0.135947 -0.119226 -0.102397 -0.085474 -0.068473 
0.089175 0.106830 0.124389 0.141833 0.159149 0.176319 0.193328 0.210161 0.226802 0.243236 0.259448 0.275424 0.291148 0.306607 0.321785 0.336670 0.351248 0.365506 0.379430 0.393008 0.406227 0.419075 0.431542 0.443614 0.455282 0.466534 0.477360 0.487751 0.497697 0.507189 0.516218 0.524776 0.532856 0.540449 0.547548 0.554149 0.560243 0.565827 0.570894 0.575441 0.579462 0.582954 0.585915 0.588341 0.590230 0.591581 0.592392 0.592662 0.592392 0.591581 0.590230 0.588341 0.585915 0.582954 0.579462 0.575441 0.570894 0.565827 0.560243 0.554149 0.547548 0.540449 0.532856 0.524776 0.516218 0.507189 0.497697 0.487751 0.477360 0.466534 0.455282 0.443614 0.431542 0.419075 0.406227 0.393008 0.379430 0.365506 0.351248 0.336670 0.321785 0.306607 0.291148 0.275424 0.259448 0.243236 0.226802 0.210161 0.193328 0.176319 0.159149 0.141833 0.124389 0.106830 0.089175 0.071438 0.053635 0.035784 0.017900 0.000000 -0.017900 -0.035784 -0.053635 -0.071438 -0.089175 -0.106830 -0.124389 -0.141833 -0.159149 -0.176319 -0.193328 -0.210161 -0.226802 -0.243236 -0.259448 -0.275424 -0.291148 -0.306607 -0.321785 -0.336670 -0.351248 -0.365506 -0.379430 -0.393008 -0.406227 -0.419075 -0.431542 -0.443614 -0.455282 -0.466534 -0.477360 -0.487751 -0.497697 -0.507189 -0.516218 -0.524776 -0.532856 -0.540449 -0.547548 -0.554149 -0.560243 -0.565827 -0.570894 -0.575441 -0.579462 -0.582954 -0.585915 -0.588341 -0.590230 -0.591581 -0.592392 -0.592662 -0.592392 -0.591581 -0.590230 -0.588341 -0.585915 -0.582954 -0.579462 -0.575441 -0.570894 -0.565827 -0.560243 -0.554149 -0.547548 -0.540449 -0.532856 -0.524776 -0.516218 -0.507189 -0.497697 -0.487751 -0.477360 -0.466534 -0.455282 -0.443614 -0.431542 -0.419075 -0.406227 -0.393008 -0.379430 -0.365506 -0.351248 -0.336671 -0.321785 -0.306607 -0.291148 -0.275424 -0.259448 -0.243236 -0.226802 -0.210161 -0.193328 -0.176319 -0.159149 -0.141833 -0.124389 -0.106830 -0.089175 -0.071438 
0.092794 0.111167 0.129438 0.147590 0.165609 0.183476 0.201175 0.218692 0.236008 0.253109 0.269980 0.286604 0.302966 0.319052 0.334847 0.350336 0.365506 0.380342 0.394831 0.408960 0.422716 0.436086 0.449058 0.461621 0.473762 0.485471 0.496737 0.507550 0.517899 0.527776 0.537172 0.546077 0.554485 0.562386 0.569774 0.576642 0.582984 0.588794 0.594067 0.598798 0.602983 0.606617 0.609698 0.612222 0.614188 0.615594 0.616438 0.616719 0.616438 0.615594 0.614188 0.612222 0.609698 0.606617 0.602983 0.598798 0.594067 0.588794 0.582984 0.576642 0.569774 0.562386 0.554485 0.546077 0.537172 0.527776 0.517899 0.507550 0.496737 0.485471 0.473762 0.461621 0.449058 0.436086 0.422716 0.408960 0.394831 0.380342 0.365506 0.350336 0.334847 0.319052 0.302966 0.286604 0.269980 0.253109 0.236008 0.218692 0.201175 0.183476 0.165609 0.147590 0.129438 0.111167 0.092794 0.074337 0.055812 0.037237 0.018627 0.000000 -0.018627 -0.037237 -0.055812 -0.074337 -0.092794 -0.111167 -0.129438 -0.147590 -0.165609 -0.183476 -0.201175 -0.218692 -0.236008 -0.253109 -0.269980 -0.286604 -0.302966 -0.319052 -0.334847 -0.350336 -0.365506 -0.380342 -0.394831 -0.408960 -0.422716 -0.436086 -0.449058 -0.461621 -0.473762 -0.485471 -0.496737 -0.507550 -0.517899 -0.527776 -0.537172 -0.546077 -0.554485 -0.562386 -0.569774 -0.576642 -0.582984 -0.588794 -0.594067 -0.598798 -0.602983 -0.606617 -0.609698 -0.612222 -0.614188 -0.615594 -0.616438 -0.616719 -0.616438 -0.615594 -0.614188 -0.612222 -0.609698 -0.606617 -0.602983 -0.598798 -0.594067 -0.588794 -0.582984 -0.576642 -0.569774 -0.562386 -0.554485 -0.546077 -0.537172 -0.527776 -0.517899 -0.507550 -0.496737 -0.485471 -0.473762 -0.461621 -0.449058 -0.436086 -0.422716 -0.408960 -0.394831 -0.380342 -0.365506 -0.350336 -0.334847 -0.319052 -0.302966 -0.286604 -0.269980 -0.253109 -0.236008 -0.218692 -0.201175 -0.183476 -0.165609 -0.147590 -0.129438 -0.111167 -0.092794 -0.074337 
0.096329 0.115402 0.134369 0.153213 0.171918 0.190465 0.208839 0.227023 0.244999 0.262752 0.280265 0.297522 0.314508 0.331206 0.347603 0.363682 0.379430 0.394831 0.409872 0.424540 0.438819 0.452699 0.466165 0.479206 0.491810 0.503965 0.515660 0.526885 0.537629 0.547882 0.557636 0.566880 0.575608 0.583810 0.591480 0.598609 0.605193 0.611225 0.616698 0.621609 0.625953 0.629726 0.632924 0.635545 0.637586 0.639045 0.639921 0.640213 0.639921 0.639045 0.637586 0.635545 0.632924 0.629726 0.625953 0.621609 0.616698 0.611225 0.605193 0.598609 0.591480 0.583810 0.575608 0.566880 0.557636 0.547882 0.537629 0.526885 0.515660 0.503965 0.491810 0.479206 0.466165 0.452699 0.438819 0.424540 0.409872 0.394831 0.379430 0.363682 0.347603 0.331206 0.314508 0.297522 0.280265 0.262752 0.244999 0.227023 0.208839 0.190465 0.171918 0.153213 0.134369 0.115402 0.096329 0.077169 0.057939 0.038655 0.019336 0.000000 -0.019336 -0.038655 -0.057939 -0.077169 -0.096329 -0.115402 -0.134369 -0.153213 -0.171918 -0.190465 -0.208839 -0.227023 -0.244999 -0.262752 -0.280265 -0.297522 -0.314508 -0.331206 -0.347603 -0.363682 -0.379430 -0.394831 -0.409872 -0.424540 -0.438819 -0.452699 -0.466165 -0.479206 -0.491810 -0.503965 -0.515660 -0.526885 -0.537629 -0.547882 -0.557636 -0.566880 -0.575608 -0.583810 -0.591480 -0.598609 -0.605193 -0.611225 -0.616698 -0.621609 -0.625953 -0.629726 -0.632924 -0.635545 -0.637586 -0.639045 -0.639921 -0.640213 -0.639921 -0.639045 -0.637586 -0.635545 -0.632924 -0.629726 -0.625953 -0.621609 -0.616698 -0.611225 -0.605193 -0.598609 -0.591480 -0.583810 -0.575608 -0.566880 -0.557636 -0.547882 -0.537629 -0.526885 -0.515660 -0.503965 -0.491810 -0.479206 -0.466165 -0.452699 -0.438819 -0.424540 -0.409872 -0.394831 -0.379430 -0.363682 -0.347603 -0.331206 -0.314508 -0.297522 -0.280265 -0.262752 -0.244999 -0.227023 -0.208839 -0.190465 -0.171918 -0.153213 -0.134369 -0.115402 -0.096329 -0.077169 
0.099776 0.119531 0.139177 0.158696 0.178070 0.197281 0.216312 0.235147 0.253766 0.272154 0.290294 0.308168 0.325762 0.343058 0.360042 0.376697 0.393008 0.408960 0.424540 0.439732 0.454522 0.468899 0.482847 0.496354 0.509409 0.521999 0.534113 0.545739 0.556868 0.567488 0.577590 0.587166 0.596206 0.604701 0.612645 0.620030 0.626850 0.633097 0.638767 0.643854 0.648353 0.652261 0.655573 0.658288 0.660402 0.661913 0.662820 0.663123 0.662820 0.661913 0.660402 0.658288 0.655573 0.652261 0.648353 0.643854 0.638767 0.633097 0.626850 0.620030 0.612645 0.604701 0.596206 0.587166 0.577590 0.567488 0.556868 0.545739 0.534113 0.521999 0.509409 0.496354 0.482847 0.468899 0.454522 0.439732 0.424540 0.408960 0.393008 0.376697 0.360042 0.343058 0.325762 0.308168 0.290294 0.272154 0.253766 0.235147 0.216312 0.197281 0.178070 0.158696 0.139177 0.119531 0.099776 0.079931 0.060012 0.040038 0.020028 0.000000 -0.020028 -0.040038 -0.060012 -0.079931 -0.099776 -0.119531 -0.139177 -0.158696 -0.178070 -0.197281 -0.216312 -0.235147 -0.253766 -0.272154 -0.290294 -0.308168 -0.325762 -0.343058 -0.360042 -0.376697 -0.393008 -0.408960 -0.424540 -0.439732 -0.454522 -0.468899 -0.482847 -0.496354 -0.509409 -0.521999 -0.534113 -0.545739 -0.556868 -0.567488 -0.577590 -0.587166 -0.596206 -0.604701 -0.612645 -0.620030 -0.626850 -0.633097 -0.638767 -0.643854 -0.648353 -0.652261 -0.655573 -0.658288 -0.660402 -0.661913 -0.662820 -0.663123 -0.662820 -0.661913 -0.660402 -0.658288 -0.655573 -0.652261 -0.648353 -0.643854 -0.638767 -0.633097 -0.626850 -0.620030 -0.612645 -0.604701 -0.596206 -0.587166 -0.577590 -0.567488 -0.556868 -0.545739 -0.534113 -0.521999 -0.509409 -0.496354 -0.482847 -0.468899 -0.454522 -0.439732 -0.424540 -0.408960 -0.393008 -0.376697 -0.360042 -0.343058 -0.325762 -0.308168 -0.290294 -0.272154 -0.253766 -0.235147 -0.216312 -0.197281 -0.178070 -0.158696 -0.139177 -0.119531 -0.099776 -0.079931 
0.103132 0.123552 0.143858 0.164034 0.184059 0.203917 0.223588 0.243056 0.262302 0.281308 0.300058 0.318534 0.336719 0.354598 0.372152 0.389367 0.406227 0.422716 0.438819 0.454522 0.469811 0.484670 0.499088 0.513050 0.526544 0.539557 0.552078 0.564096 0.575598 0.586576 0.597018 0.606916 0.616260 0.625041 0.633252 0.640886 0.647934 0.654392 0.660252 0.665510 0.670161 0.674200 0.677624 0.680430 0.682615 0.684177 0.685115 0.685427 0.685115 0.684177 0.682615 0.680430 0.677624 0.674200 0.670161 0.665510 0.660252 0.654392 0.647934 0.640886 0.633252 0.625041 0.616260 0.606916 0.597018 0.586576 0.575598 0.564096 0.552078 0.539557 0.526544 0.513050 0.499088 0.484670 0.469811 0.454522 0.438819 0.422716 0.406227 0.389367 0.372152 0.354598 0.336719 0.318534 0.300058 0.281308 0.262302 0.243056 0.223588 0.203917 0.184059 0.164034 0.143858 0.123552 0.103132 0.082619 0.062030 0.041385 0.020702 0.000000 -0.020702 -0.041385 -0.062030 -0.082619 -0.103132 -0.123552 -0.143858 -0.164034 -0.184059 -0.203917 -0.223588 -0.243056 -0.262302 -0.281308 -0.300058 -0.318534 -0.336719 -0.354598 -0.372152 -0.389367 -0.406227 -0.422716 -0.438819 -0.454522 -0.469811 -0.484670 -0.499088 -0.513050 -0.526544 -0.539557 -0.552078 -0.564096 -0.575598 -0.586576 -0.597018 -0.606916 -0.616260 -0.625041 -0.633252 -0.640886 -0.647934 -0.654392 -0.660252 -0.665510 -0.670161 -0.674200 -0.677624 -0.680430 -0.682615 -0.684177 -0.685115 -0.685427 -0.685115 -0.684177 -0.682615 -0.680430 -0.677624 -0.674200 -0.670161 -0.665510 -0.660252 -0.654392 -0.647934 -0.640886 -0.633252 -0.625041 -0.616260 -0.606916 -0.597018 -0.586576 -0.575598 -0.564096 -0.552078 -0.539557 -0.526544 -0.513050 -0.499088 -0.484670 -0.469811 -0.454522 -0.438819 -0.422716 -0.406227 -0.389367 -0.372152 -0.354598 -0.336719 -0.318534 -0.300058 -0.281308 -0.262302 -0.243056 -0.223588 -0.203917 -0.184059 -0.164034 -0.143858 -0.123552 -0.103133 -0.082619 
