Rmatrix_bounds 1 200 1 200

-0.923830 -0.917722 -0.911553 -0.905324 -0.899035 -0.892689 -0.886287 -0.879831 -0.873322 -0.866762 -0.860153 -0.853496 -0.846795 -0.840050 -0.833264 -0.826439 -0.819577 -0.812680 -0.805752 -0.798793 -0.791807 -0.784796 -0.777763 -0.770710 -0.763639 -0.756555 -0.749459 -0.742354 -0.735243 -0.728129 -0.721015 -0.713905 -0.706800 -0.699705 -0.692621 -0.685554 -0.678504 -0.671477 -0.664475 -0.657501 -0.650559 -0.643652 -0.636784 -0.629957 -0.623175 -0.616442 -0.609760 -0.603134 -0.596567 -0.590062 -0.583622 -0.577251 -0.570952 -0.564729 -0.558585 -0.552523 -0.546547 -0.540660 -0.534864 -0.529165 -0.523564 -0.518064 -0.512670 -0.507383 -0.502208 -0.497147 -0.492202 -0.487377 -0.482675 -0.478099 -0.473650 -0.469332 -0.465148 -0.461099 -0.457189 -0.453420 -0.449793 -0.446311 -0.442977 -0.439792 -0.436758 -0.433878 -0.431152 -0.428583 -0.426172 -0.423921 -0.421830 -0.419902 -0.418138 -0.416538 -0.415104 -0.413837 -0.412737 -0.411805 -0.411042 -0.410448 -0.410023 -0.409768 -0.409683 -0.409768 -0.410023 -0.410448 -0.411042 -0.411805 -0.412737 -0.413837 -0.415104 -0.416538 -0.418138 -0.419902 -0.421830 -0.423921 -0.426172 -0.428583 -0.431152 -0.433878 -0.436758 -0.439792 -0.442977 -0.446311 -0.449793 -0.453420 -0.457189 -0.461099 -0.465148 -0.469332 -0.473650 -0.478099 -0.482675 -0.487377 -0.492202 -0.497147 -0.502208 -0.507383 -0.512670 -0.518064 -0.523564 -0.529165 -0.534864 -0.540660 -0.546547 -0.552523 -0.558585 -0.564729 -0.570952 -0.577251 -0.583622 -0.590062 -0.596567 -0.603134 -0.609760 -0.616442 -0.623175 -0.629957 -0.636784 -0.643652 -0.650559 -0.657501 -0.664475 -0.671477 -0.678504 -0.685554 -0.692621 -0.699705 -0.706800 -0.713905 -0.721015 -0.728129 -0.735243 -0.742354 -0.749459 -0.756555 -0.763639 -0.770710 -0.777763 -0.784796 -0.791807 -0.798793 -0.805752 -0.812680 -0.819577 -0.826439 -0.833264 -0.840050 -0.846795 -0.853496 -0.860153 -0.866762 -0.873322 -0.879831 -0.886287 -0.892689 -0.899035 -0.905324 -0.911553 -0.917722 -0.923830 -0.929874 -0.935854 -0.941768 
-0.917722 -0.911489 -0.905192 -0.898833 -0.892415 -0.885937 -0.879403 -0.872813 -0.866169 -0.859474 -0.852728 -0.845934 -0.839094 -0.832209 -0.825283 -0.818317 -0.811313 -0.804273 -0.797201 -0.790099 -0.782968 -0.775812 -0.768633 -0.761434 -0.754218 -0.746987 -0.739744 -0.732492 -0.725234 -0.717973 -0.710712 -0.703454 -0.696202 -0.688960 -0.681730 -0.674516 -0.667321 -0.660149 -0.653002 -0.645884 -0.638798 -0.631748 -0.624737 -0.617769 -0.610847 -0.603974 -0.597155 -0.590392 -0.583688 -0.577048 -0.570475 -0.563973 -0.557544 -0.551192 -0.544921 -0.538733 -0.532634 -0.526624 -0.520709 -0.514892 -0.509175 -0.503562 -0.498056 -0.492660 -0.487377 -0.482211 -0.477164 -0.472240 -0.467440 -0.462769 -0.458229 -0.453821 -0.449550 -0.445418 -0.441427 -0.437579 -0.433878 -0.430324 -0.426921 -0.423670 -0.420573 -0.417633 -0.414851 -0.412229 -0.409768 -0.407470 -0.405337 -0.403369 -0.401568 -0.399935 -0.398472 -0.397178 -0.396055 -0.395104 -0.394325 -0.393718 -0.393285 -0.393025 -0.392938 -0.393025 -0.393285 -0.393718 -0.394325 -0.395104 -0.396055 -0.397178 -0.398472 -0.399935 -0.401568 -0.403369 -0.405337 -0.407470 -0.409768 -0.412229 -0.414851 -0.417633 -0.420573 -0.423670 -0.426921 -0.430324 -0.433878 -0.437579 -0.441427 -0.445418 -0.449550 -0.453821 -0.458229 -0.462769 -0.467440 -0.472240 -0.477164 -0.482211 -0.487377 -0.492660 -0.498056 -0.503562 -0.509175 -0.514892 -0.520709 -0.526624 -0.532634 -0.538733 -0.544921 -0.551192 -0.557544 -0.563973 -0.570475 -0.577048 -0.583688 -0.590392 -0.597155 -0.603974 -0.610847 -0.617769 -0.624737 -0.631748 -0.638798 -0.645884 -0.653002 -0.660149 -0.667321 -0.674516 -0.681730 -0.688960 -0.696202 -0.703454 -0.710712 -0.717973 -0.725234 -0.732492 -0.739744 -0.746987 -0.754218 -0.761434 -0.768633 -0.775812 -0.782968 -0.790099 -0.797201 -0.804273 -0.811313 -0.818317 -0.825283 -0.832209 -0.839094 -0.845934 -0.852728 -0.859474 -0.866169 -0.872813 -0.879403 -0.885937 -0.892415 -0.898833 -0.905192 -0.911489 -0.917722 -0.923892 -0.929995 -0.936032 
-0.911553 -0.905192 -0.898766 -0.892278 -0.885727 -0.879117 -0.872449 -0.865724 -0.858945 -0.852112 -0.845228 -0.838295 -0.831314 -0.824289 -0.817221 -0.810112 -0.802965 -0.795781 -0.788565 -0.781316 -0.774040 -0.766737 -0.759411 -0.752065 -0.744701 -0.737322 -0.729930 -0.722530 -0.715123 -0.707714 -0.700304 -0.692898 -0.685498 -0.678107 -0.670729 -0.663367 -0.656025 -0.648706 -0.641412 -0.634148 -0.626918 -0.619723 -0.612569 -0.605458 -0.598394 -0.591381 -0.584422 -0.577520 -0.570680 -0.563904 -0.557196 -0.550560 -0.544000 -0.537518 -0.531118 -0.524804 -0.518579 -0.512447 -0.506411 -0.500474 -0.494640 -0.488912 -0.483294 -0.477787 -0.472397 -0.467125 -0.461974 -0.456949 -0.452051 -0.447285 -0.442651 -0.438154 -0.433795 -0.429578 -0.425505 -0.421579 -0.417802 -0.414175 -0.410702 -0.407385 -0.404225 -0.401225 -0.398385 -0.395709 -0.393198 -0.390853 -0.388676 -0.386668 -0.384830 -0.383164 -0.381670 -0.380350 -0.379205 -0.378234 -0.377439 -0.376820 -0.376378 -0.376112 -0.376024 -0.376112 -0.376378 -0.376820 -0.377439 -0.378234 -0.379205 -0.380350 -0.381670 -0.383164 -0.384830 -0.386668 -0.388676 -0.390853 -0.393198 -0.395709 -0.398385 -0.401225 -0.404225 -0.407385 -0.410702 -0.414175 -0.417802 -0.421579 -0.425505 -0.429578 -0.433795 -0.438154 -0.442651 -0.447285 -0.452051 -0.456949 -0.461974 -0.467125 -0.472397 -0.477787 -0.483294 -0.488912 -0.494640 -0.500474 -0.506411 -0.512447 -0.518579 -0.524804 -0.531118 -0.537518 -0.544000 -0.550560 -0.557196 -0.563904 -0.570680 -0.577520 -0.584422 -0.591381 -0.598394 -0.605458 -0.612569 -0.619723 -0.626918 -0.634148 -0.641412 -0.648706 -0.656025 -0.663367 -0.670729 -0.678107 -0.685498 -0.692898 -0.700304 -0.707714 -0.715123 -0.722530 -0.729930 -0.737322 -0.744701 -0.752065 -0.759411 -0.766737 -0.774040 -0.781316 -0.788565 -0.795781 -0.802965 -0.810112 -0.817221 -0.824289 -0.831314 -0.838295 -0.845228 -0.852112 -0.858945 -0.865724 -0.872449 -0.879117 -0.885727 -0.892278 -0.898766 -0.905192 -0.911553 -0.917849 -0.924077 -0.930238 
-0.905324 -0.898833 -0.892278 -0.885657 -0.878975 -0.872231 -0.865427 -0.858566 -0.851649 -0.844678 -0.837654 -0.830581 -0.823459 -0.816292 -0.809080 -0.801827 -0.794535 -0.787206 -0.779843 -0.772448 -0.765024 -0.757574 -0.750099 -0.742604 -0.735091 -0.727562 -0.720021 -0.712470 -0.704914 -0.697354 -0.689794 -0.682238 -0.674688 -0.667147 -0.659620 -0.652109 -0.644618 -0.637150 -0.629709 -0.622298 -0.614921 -0.607581 -0.600282 -0.593027 -0.585820 -0.578665 -0.571564 -0.564523 -0.557544 -0.550630 -0.543787 -0.537017 -0.530323 -0.523710 -0.517180 -0.510739 -0.504388 -0.498131 -0.491973 -0.485916 -0.479964 -0.474120 -0.468387 -0.462769 -0.457269 -0.451890 -0.446636 -0.441509 -0.436512 -0.431648 -0.426921 -0.422332 -0.417886 -0.413583 -0.409428 -0.405422 -0.401568 -0.397868 -0.394325 -0.390940 -0.387716 -0.384655 -0.381758 -0.379028 -0.376466 -0.374074 -0.371852 -0.369804 -0.367929 -0.366229 -0.364705 -0.363358 -0.362189 -0.361199 -0.360387 -0.359756 -0.359305 -0.359034 -0.358943 -0.359034 -0.359305 -0.359756 -0.360387 -0.361199 -0.362189 -0.363358 -0.364705 -0.366229 -0.367929 -0.369804 -0.371852 -0.374074 -0.376466 -0.379028 -0.381758 -0.384655 -0.387716 -0.390940 -0.394325 -0.397868 -0.401568 -0.405422 -0.409428 -0.413583 -0.417886 -0.422332 -0.426921 -0.431648 -0.436512 -0.441509 -0.446636 -0.451890 -0.457269 -0.462769 -0.468387 -0.474120 -0.479964 -0.485916 -0.491973 -0.498131 -0.504388 -0.510739 -0.517180 -0.523710 -0.530323 -0.537017 -0.543787 -0.550630 -0.557544 -0.564523 -0.571564 -0.578665 -0.585820 -0.593027 -0.600282 -0.607581 -0.614921 -0.622298 -0.629709 -0.637150 -0.644618 -0.652109 -0.659620 -0.667147 -0.674688 -0.682238 -0.689794 -0.697354 -0.704914 -0.712470 -0.720021 -0.727562 -0.735091 -0.742604 -0.750099 -0.757574 -0.765024 -0.772448 -0.779843 -0.787206 -0.794535 -0.801827 -0.809080 -0.816292 -0.823459 -0.830581 -0.837654 -0.844678 -0.851649 -0.858566 -0.865427 -0.872231 -0.878975 -0.885657 -0.892278 -0.898833 -0.905324 -0.911747 -0.918102 -0.924387 
-0.899035 -0.892415 -0.885727 -0.878975 -0.872158 -0.865279 -0.858339 -0.851340 -0.844285 -0.837174 -0.830009 -0.822794 -0.815530 -0.808218 -0.800862 -0.793464 -0.786026 -0.778550 -0.771039 -0.763496 -0.755923 -0.748323 -0.740699 -0.733053 -0.725389 -0.717710 -0.710017 -0.702316 -0.694608 -0.686896 -0.679185 -0.671477 -0.663776 -0.656084 -0.648406 -0.640744 -0.633103 -0.625486 -0.617895 -0.610336 -0.602811 -0.595324 -0.587878 -0.580478 -0.573126 -0.565827 -0.558585 -0.551402 -0.544283 -0.537231 -0.530251 -0.523345 -0.516517 -0.509771 -0.503111 -0.496540 -0.490062 -0.483680 -0.477398 -0.471220 -0.465148 -0.459187 -0.453339 -0.447609 -0.441998 -0.436512 -0.431152 -0.425922 -0.420825 -0.415864 -0.411042 -0.406361 -0.401825 -0.397437 -0.393198 -0.389112 -0.385181 -0.381407 -0.377792 -0.374340 -0.371051 -0.367929 -0.364974 -0.362189 -0.359575 -0.357135 -0.354869 -0.352779 -0.350867 -0.349133 -0.347578 -0.346205 -0.345012 -0.344002 -0.343175 -0.342530 -0.342070 -0.341794 -0.341702 -0.341794 -0.342070 -0.342530 -0.343175 -0.344002 -0.345012 -0.346205 -0.347578 -0.349133 -0.350867 -0.352779 -0.354869 -0.357135 -0.359575 -0.362189 -0.364974 -0.367929 -0.371051 -0.374340 -0.377792 -0.381407 -0.385181 -0.389112 -0.393198 -0.397437 -0.401825 -0.406361 -0.411042 -0.415864 -0.420825 -0.425922 -0.431152 -0.436512 -0.441998 -0.447609 -0.453339 -0.459187 -0.465148 -0.471220 -0.477398 -0.483680 -0.490062 -0.496540 -0.503111 -0.509771 -0.516517 -0.523345 -0.530251 -0.537231 -0.544283 -0.551402 -0.558585 -0.565827 -0.573126 -0.580478 -0.587878 -0.595324 -0.602811 -0.610336 -0.617895 -0.625486 -0.633103 -0.640744 -0.648406 -0.656084 -0.663776 -0.671477 -0.679185 -0.686896 -0.694608 -0.702316 -0.710017 -0.717710 -0.725389 -0.733053 -0.740699 -0.748323 -0.755923 -0.763496 -0.771039 -0.778550 -0.786026 -0.793464 -0.800862 -0.808218 -0.815530 -0.822794 -0.830009 -0.837174 -0.844285 -0.851340 -0.858339 -0.865279 -0.872158 -0.878975 -0.885727 -0.892415 -0.899035 -0.905587 -0.912069 -0.918481 
-0.892689 -0.885937 -0.879117 -0.872231 -0.865279 -0.858263 -0.851186 -0.844048 -0.836853 -0.829601 -0.822294 -0.814936 -0.807527 -0.800071 -0.792569 -0.785024 -0.777438 -0.769814 -0.762154 -0.754462 -0.746739 -0.738988 -0.731213 -0.723415 -0.715599 -0.707767 -0.699923 -0.692068 -0.684207 -0.676343 -0.668479 -0.660618 -0.652764 -0.644920 -0.637089 -0.629276 -0.621483 -0.613714 -0.605974 -0.598264 -0.590590 -0.582954 -0.575361 -0.567814 -0.560317 -0.552873 -0.545487 -0.538162 -0.530901 -0.523710 -0.516591 -0.509547 -0.502584 -0.495705 -0.488912 -0.482211 -0.475604 -0.469096 -0.462690 -0.456389 -0.450197 -0.444117 -0.438154 -0.432310 -0.426588 -0.420993 -0.415526 -0.410193 -0.404995 -0.399935 -0.395017 -0.390244 -0.385618 -0.381143 -0.376820 -0.372653 -0.368643 -0.364795 -0.361108 -0.357588 -0.354234 -0.351049 -0.348036 -0.345196 -0.342530 -0.340042 -0.337731 -0.335600 -0.333649 -0.331881 -0.330295 -0.328894 -0.327678 -0.326648 -0.325804 -0.325147 -0.324678 -0.324396 -0.324302 -0.324396 -0.324678 -0.325147 -0.325804 -0.326648 -0.327678 -0.328894 -0.330295 -0.331881 -0.333649 -0.335600 -0.337731 -0.340042 -0.342530 -0.345196 -0.348036 -0.351049 -0.354234 -0.357588 -0.361108 -0.364795 -0.368643 -0.372653 -0.376820 -0.381143 -0.385618 -0.390244 -0.395017 -0.399935 -0.404995 -0.410193 -0.415526 -0.420993 -0.426588 -0.432310 -0.438154 -0.444117 -0.450197 -0.456389 -0.462690 -0.469096 -0.475604 -0.482211 -0.488912 -0.495705 -0.502584 -0.509547 -0.516591 -0.523710 -0.530901 -0.538162 -0.545487 -0.552873 -0.560317 -0.567814 -0.575361 -0.582954 -0.590590 -0.598264 -0.605974 -0.613714 -0.621483 -0.629276 -0.637089 -0.644920 -0.652764 -0.660618 -0.668479 -0.676343 -0.684207 -0.692068 -0.699923 -0.707767 -0.715599 -0.723415 -0.731213 -0.738988 -0.746739 -0.754462 -0.762154 -0.769814 -0.777438 -0.785024 -0.792569 -0.800071 -0.807527 -0.814936 -0.822294 -0.829601 -0.836853 -0.844048 -0.851186 -0.858263 -0.865279 -0.872231 -0.879117 -0.885937 -0.892689 -0.899371 -0.905982 -0.912520 
-0.886287 -0.879403 -0.872449 -0.865427 -0.858339 -0.851186 -0.843970 -0.836692 -0.829355 -0.821961 -0.814511 -0.807008 -0.799455 -0.791852 -0.784203 -0.776510 -0.768775 -0.761001 -0.753191 -0.745348 -0.737473 -0.729571 -0.721643 -0.713693 -0.705723 -0.697737 -0.689739 -0.681730 -0.673715 -0.665697 -0.657678 -0.649663 -0.641655 -0.633657 -0.625673 -0.617706 -0.609760 -0.601839 -0.593947 -0.586086 -0.578261 -0.570475 -0.562733 -0.555038 -0.547394 -0.539804 -0.532273 -0.524804 -0.517402 -0.510069 -0.502810 -0.495629 -0.488529 -0.481514 -0.474589 -0.467756 -0.461020 -0.454384 -0.447852 -0.441427 -0.435114 -0.428915 -0.422834 -0.416875 -0.411042 -0.405337 -0.399763 -0.394325 -0.389025 -0.383866 -0.378852 -0.373985 -0.369268 -0.364705 -0.360297 -0.356048 -0.351960 -0.348036 -0.344278 -0.340688 -0.337268 -0.334021 -0.330949 -0.328053 -0.325335 -0.322797 -0.320441 -0.318268 -0.316279 -0.314476 -0.312860 -0.311431 -0.310192 -0.309141 -0.308281 -0.307611 -0.307132 -0.306845 -0.306749 -0.306845 -0.307132 -0.307611 -0.308281 -0.309141 -0.310192 -0.311431 -0.312860 -0.314476 -0.316279 -0.318268 -0.320441 -0.322797 -0.325335 -0.328053 -0.330949 -0.334021 -0.337268 -0.340688 -0.344278 -0.348036 -0.351960 -0.356048 -0.360297 -0.364705 -0.369268 -0.373985 -0.378852 -0.383866 -0.389025 -0.394325 -0.399763 -0.405337 -0.411042 -0.416875 -0.422834 -0.428915 -0.435114 -0.441427 -0.447852 -0.454384 -0.461020 -0.467756 -0.474589 -0.481514 -0.488529 -0.495629 -0.502810 -0.510069 -0.517402 -0.524804 -0.532273 -0.539804 -0.547394 -0.555038 -0.562733 -0.570475 -0.578261 -0.586086 -0.593947 -0.601839 -0.609760 -0.617706 -0.625673 -0.633657 -0.641655 -0.649663 -0.657678 -0.665697 -0.673715 -0.681730 -0.689739 -0.697737 -0.705723 -0.713693 -0.721643 -0.729571 -0.737473 -0.745348 -0.753191 -0.761001 -0.768775 -0.776510 -0.784203 -0.791852 -0.799455 -0.807008 -0.814511 -0.821961 -0.829355 -0.836692 -0.843970 -0.851186 -0.858339 -0.865427 -0.872449 -0.879403 -0.886287 -0.893100 -0.899841 -0.906507 
-0.879831 -0.872813 -0.865724 -0.858566 -0.851340 -0.844048 -0.836692 -0.829273 -0.821794 -0.814256 -0.806662 -0.799014 -0.791313 -0.783563 -0.775766 -0.767923 -0.760038 -0.752114 -0.744152 -0.736157 -0.728129 -0.720073 -0.711991 -0.703887 -0.695763 -0.687622 -0.679469 -0.671305 -0.663134 -0.654960 -0.646786 -0.638615 -0.630451 -0.622298 -0.614159 -0.606038 -0.597938 -0.589863 -0.581817 -0.573804 -0.565827 -0.557891 -0.549998 -0.542154 -0.534361 -0.526624 -0.518947 -0.511333 -0.503787 -0.496312 -0.488912 -0.481592 -0.474354 -0.467204 -0.460144 -0.453178 -0.446311 -0.439547 -0.432888 -0.426338 -0.419902 -0.413583 -0.407385 -0.401310 -0.395363 -0.389548 -0.383866 -0.378322 -0.372919 -0.367660 -0.362549 -0.357588 -0.352779 -0.348127 -0.343634 -0.339303 -0.335136 -0.331135 -0.327304 -0.323644 -0.320158 -0.316848 -0.313716 -0.310764 -0.307994 -0.305407 -0.303005 -0.300790 -0.298762 -0.296924 -0.295277 -0.293820 -0.292556 -0.291485 -0.290608 -0.289926 -0.289438 -0.289145 -0.289047 -0.289145 -0.289438 -0.289926 -0.290608 -0.291485 -0.292556 -0.293820 -0.295277 -0.296924 -0.298762 -0.300790 -0.303005 -0.305407 -0.307994 -0.310764 -0.313716 -0.316848 -0.320158 -0.323644 -0.327304 -0.331135 -0.335136 -0.339303 -0.343634 -0.348127 -0.352779 -0.357588 -0.362549 -0.367660 -0.372919 -0.378322 -0.383866 -0.389548 -0.395363 -0.401310 -0.407385 -0.413583 -0.419902 -0.426338 -0.432888 -0.439547 -0.446311 -0.453178 -0.460144 -0.467204 -0.474354 -0.481592 -0.488912 -0.496312 -0.503787 -0.511333 -0.518947 -0.526624 -0.534361 -0.542154 -0.549998 -0.557891 -0.565827 -0.573804 -0.581817 -0.589863 -0.597938 -0.606038 -0.614159 -0.622298 -0.630451 -0.638615 -0.646786 -0.654960 -0.663134 -0.671305 -0.679469 -0.687622 -0.695763 -0.703887 -0.711991 -0.720073 -0.728129 -0.736157 -0.744152 -0.752114 -0.760038 -0.767923 -0.775766 -0.783563 -0.791313 -0.799014 -0.806662 -0.814256 -0.821794 -0.829273 -0.836692 -0.844048 -0.851340 -0.858566 -0.865724 -0.872813 -0.879831 -0.886776 -0.893647 -0.900443 
-0.873322 -0.866169 -0.858945 -0.851649 -0.844285 -0.836853 -0.829355 -0.821794 -0.814171 -0.806489 -0.798749 -0.790954 -0.783106 -0.775207 -0.767259 -0.759267 -0.751231 -0.743154 -0.735040 -0.726890 -0.718709 -0.710498 -0.702262 -0.694002 -0.685722 -0.677425 -0.669114 -0.660794 -0.652466 -0.644135 -0.635804 -0.627477 -0.619157 -0.610847 -0.602552 -0.594275 -0.586019 -0.577790 -0.569589 -0.561422 -0.553293 -0.545204 -0.537160 -0.529165 -0.521223 -0.513337 -0.505513 -0.497753 -0.490062 -0.482443 -0.474901 -0.467440 -0.460064 -0.452776 -0.445581 -0.438482 -0.431483 -0.424588 -0.417802 -0.411127 -0.404567 -0.398127 -0.391809 -0.385618 -0.379557 -0.373630 -0.367839 -0.362189 -0.356682 -0.351323 -0.346113 -0.341056 -0.336156 -0.331415 -0.326835 -0.322421 -0.318174 -0.314096 -0.310192 -0.306462 -0.302909 -0.299535 -0.296343 -0.293334 -0.290511 -0.287874 -0.285426 -0.283169 -0.281102 -0.279229 -0.277550 -0.276065 -0.274777 -0.273686 -0.272792 -0.272096 -0.271599 -0.271300 -0.271201 -0.271300 -0.271599 -0.272096 -0.272792 -0.273686 -0.274777 -0.276065 -0.277550 -0.279229 -0.281102 -0.283169 -0.285426 -0.287874 -0.290511 -0.293334 -0.296343 -0.299535 -0.302909 -0.306462 -0.310192 -0.314096 -0.318174 -0.322421 -0.326835 -0.331415 -0.336156 -0.341056 -0.346113 -0.351323 -0.356682 -0.362189 -0.367839 -0.373630 -0.379557 -0.385618 -0.391809 -0.398127 -0.404567 -0.411127 -0.417802 -0.424588 -0.431483 -0.438482 -0.445581 -0.452776 -0.460064 -0.467440 -0.474901 -0.482443 -0.490062 -0.497753 -0.505513 -0.513337 -0.521223 -0.529165 -0.537160 -0.545204 -0.553293 -0.561422 -0.569589 -0.577790 -0.586019 -0.594275 -0.602552 -0.610847 -0.619157 -0.627477 -0.635804 -0.644135 -0.652466 -0.660794 -0.669114 -0.677425 -0.685722 -0.694002 -0.702262 -0.710498 -0.718709 -0.726890 -0.735040 -0.743154 -0.751231 -0.759267 -0.767259 -0.775207 -0.783106 -0.790954 -0.798749 -0.806489 -0.814171 -0.821794 -0.829355 -0.836853 -0.844285 -0.851649 -0.858945 -0.866169 -0.873322 -0.880400 -0.887403 -0.894330 
-0.866762 -0.859474 -0.852112 -0.844678 -0.837174 -0.829601 -0.821961 -0.814256 -0.806489 -0.798661 -0.790774 -0.782831 -0.774834 -0.766785 -0.758687 -0.750542 -0.742354 -0.734124 -0.725856 -0.717552 -0.709215 -0.700849 -0.692455 -0.684039 -0.675602 -0.667147 -0.658679 -0.650201 -0.641715 -0.633226 -0.624737 -0.616252 -0.607774 -0.599306 -0.590854 -0.582419 -0.574007 -0.565622 -0.557266 -0.548944 -0.540660 -0.532417 -0.524221 -0.516074 -0.507981 -0.499946 -0.491973 -0.484066 -0.476229 -0.468466 -0.460781 -0.453178 -0.445662 -0.438236 -0.430904 -0.423670 -0.416538 -0.409513 -0.402597 -0.395796 -0.389112 -0.382549 -0.376112 -0.369804 -0.363628 -0.357588 -0.351687 -0.345930 -0.340318 -0.334857 -0.329548 -0.324396 -0.319403 -0.314571 -0.309905 -0.305407 -0.301079 -0.296924 -0.292945 -0.289145 -0.285524 -0.282087 -0.278834 -0.275768 -0.272891 -0.270205 -0.267710 -0.265410 -0.263304 -0.261395 -0.259684 -0.258172 -0.256859 -0.255747 -0.254836 -0.254127 -0.253620 -0.253316 -0.253215 -0.253316 -0.253620 -0.254127 -0.254836 -0.255747 -0.256859 -0.258172 -0.259684 -0.261395 -0.263304 -0.265410 -0.267710 -0.270205 -0.272891 -0.275768 -0.278834 -0.282087 -0.285524 -0.289145 -0.292945 -0.296924 -0.301079 -0.305407 -0.309905 -0.314571 -0.319403 -0.324396 -0.329548 -0.334857 -0.340318 -0.345930 -0.351687 -0.357588 -0.363628 -0.369804 -0.376112 -0.382549 -0.389112 -0.395796 -0.402597 -0.409513 -0.416538 -0.423670 -0.430904 -0.438236 -0.445662 -0.453178 -0.460781 -0.468466 -0.476229 -0.484066 -0.491973 -0.499946 -0.507981 -0.516074 -0.524221 -0.532417 -0.540660 -0.548944 -0.557266 -0.565622 -0.574007 -0.582419 -0.590854 -0.599306 -0.607774 -0.616252 -0.624737 -0.633226 -0.641715 -0.650201 -0.658679 -0.667147 -0.675602 -0.684039 -0.692455 -0.700849 -0.709215 -0.717552 -0.725856 -0.734124 -0.742354 -0.750542 -0.758687 -0.766785 -0.774834 -0.782831 -0.790774 -0.798661 -0.806489 -0.814256 -0.821961 -0.829601 -0.837174 -0.844678 -0.852112 -0.859474 -0.866762 -0.873974 -0.881111 -0.888169 
-0.860153 -0.852728 -0.845228 -0.837654 -0.830009 -0.822294 -0.814511 -0.806662 -0.798749 -0.790774 -0.782739 -0.774647 -0.766500 -0.758300 -0.750050 -0.741753 -0.733411 -0.725026 -0.716603 -0.708143 -0.699650 -0.691127 -0.682576 -0.674001 -0.665406 -0.656793 -0.648166 -0.639529 -0.630884 -0.622236 -0.613587 -0.604943 -0.596305 -0.587679 -0.579068 -0.570475 -0.561906 -0.553362 -0.544850 -0.536372 -0.527932 -0.519535 -0.511185 -0.502885 -0.494640 -0.486455 -0.478332 -0.470277 -0.462292 -0.454384 -0.446555 -0.438809 -0.431152 -0.423586 -0.416117 -0.408747 -0.401482 -0.394325 -0.387280 -0.380350 -0.373541 -0.366855 -0.360297 -0.353870 -0.347578 -0.341425 -0.335414 -0.329548 -0.323832 -0.318268 -0.312860 -0.307611 -0.302524 -0.297602 -0.292848 -0.288265 -0.283856 -0.279624 -0.275570 -0.271698 -0.268010 -0.264508 -0.261194 -0.258071 -0.255140 -0.252403 -0.249862 -0.247518 -0.245373 -0.243428 -0.241685 -0.240144 -0.238807 -0.237674 -0.236746 -0.236023 -0.235507 -0.235197 -0.235094 -0.235197 -0.235507 -0.236023 -0.236746 -0.237674 -0.238807 -0.240144 -0.241685 -0.243428 -0.245373 -0.247518 -0.249862 -0.252403 -0.255140 -0.258071 -0.261194 -0.264508 -0.268010 -0.271698 -0.275570 -0.279624 -0.283856 -0.288265 -0.292848 -0.297602 -0.302524 -0.307611 -0.312860 -0.318268 -0.323832 -0.329548 -0.335414 -0.341425 -0.347578 -0.353870 -0.360297 -0.366855 -0.373541 -0.380350 -0.387280 -0.394325 -0.401482 -0.408747 -0.416117 -0.423586 -0.431152 -0.438809 -0.446555 -0.454384 -0.462292 -0.470277 -0.478332 -0.486455 -0.494640 -0.502885 -0.511185 -0.519535 -0.527932 -0.536372 -0.544850 -0.553362 -0.561906 -0.570475 -0.579068 -0.587679 -0.596305 -0.604943 -0.613587 -0.622236 -0.630884 -0.639529 -0.648166 -0.656793 -0.665406 -0.674001 -0.682576 -0.691127 -0.699650 -0.708143 -0.716603 -0.725026 -0.733411 -0.741753 -0.750050 -0.758300 -0.766500 -0.774647 -0.782739 -0.790774 -0.798749 -0.806662 -0.814511 -0.822294 -0.830009 -0.837654 -0.845228 -0.852728 -0.860153 -0.867501 -0.874771 -0.881961 
-0.853496 -0.845934 -0.838295 -0.830581 -0.822794 -0.814936 -0.807008 -0.799014 -0.790954 -0.782831 -0.774647 -0.766405 -0.758106 -0.749754 -0.741352 -0.732900 -0.724403 -0.715864 -0.707284 -0.698667 -0.690017 -0.681335 -0.672626 -0.663892 -0.655137 -0.646365 -0.637578 -0.628780 -0.619975 -0.611166 -0.602358 -0.593553 -0.584755 -0.575969 -0.567198 -0.558446 -0.549717 -0.541016 -0.532345 -0.523710 -0.515114 -0.506561 -0.498056 -0.489602 -0.481205 -0.472867 -0.464594 -0.456389 -0.448256 -0.440201 -0.432227 -0.424338 -0.416538 -0.408833 -0.401225 -0.393718 -0.386318 -0.379028 -0.371852 -0.364795 -0.357859 -0.351049 -0.344369 -0.337823 -0.331415 -0.325147 -0.319025 -0.313050 -0.307228 -0.301561 -0.296052 -0.290706 -0.285524 -0.280511 -0.275669 -0.271001 -0.266511 -0.262200 -0.258071 -0.254127 -0.250370 -0.246803 -0.243428 -0.240247 -0.237261 -0.234474 -0.231885 -0.229498 -0.227313 -0.225333 -0.223557 -0.221988 -0.220626 -0.219471 -0.218526 -0.217791 -0.217265 -0.216949 -0.216844 -0.216949 -0.217265 -0.217791 -0.218526 -0.219471 -0.220626 -0.221988 -0.223557 -0.225333 -0.227313 -0.229498 -0.231885 -0.234474 -0.237261 -0.240247 -0.243428 -0.246803 -0.250370 -0.254127 -0.258071 -0.262200 -0.266511 -0.271001 -0.275669 -0.280511 -0.285524 -0.290706 -0.296052 -0.301561 -0.307228 -0.313050 -0.319025 -0.325147 -0.331415 -0.337823 -0.344369 -0.351049 -0.357859 -0.364795 -0.371852 -0.379028 -0.386318 -0.393718 -0.401225 -0.408833 -0.416538 -0.424338 -0.432227 -0.440201 -0.448256 -0.456389 -0.464594 -0.472867 -0.481205 -0.489602 -0.498056 -0.506561 -0.515114 -0.523710 -0.532345 -0.541016 -0.549717 -0.558446 -0.567198 -0.575969 -0.584755 -0.593553 -0.602358 -0.611166 -0.619975 -0.628780 -0.637578 -0.646365 -0.655137 -0.663892 -0.672626 -0.681335 -0.690017 -0.698667 -0.707284 -0.715864 -0.724403 -0.732900 -0.741352 -0.749754 -0.758106 -0.766405 -0.774647 -0.782831 -0.790954 -0.799014 -0.807008 -0.814936 -0.822794 -0.830581 -0.838295 -0.845934 -0.853496 -0.860981 -0.868386 -0.875709 
-0.846795 -0.839094 -0.831314 -0.823459 -0.815530 -0.807527 -0.799455 -0.791313 -0.783106 -0.774834 -0.766500 -0.758106 -0.749656 -0.741151 -0.732594 -0.723988 -0.715335 -0.706639 -0.697902 -0.689127 -0.680318 -0.671477 -0.662608 -0.653714 -0.644799 -0.635866 -0.626918 -0.617959 -0.608992 -0.600022 -0.591052 -0.582085 -0.573126 -0.564179 -0.555247 -0.546335 -0.537446 -0.528585 -0.519755 -0.510962 -0.502208 -0.493498 -0.484837 -0.476229 -0.467677 -0.459187 -0.450762 -0.442406 -0.434125 -0.425922 -0.417802 -0.409768 -0.401825 -0.393978 -0.386231 -0.378587 -0.371051 -0.363628 -0.356320 -0.349133 -0.342070 -0.335136 -0.328333 -0.321667 -0.315141 -0.308759 -0.302524 -0.296440 -0.290511 -0.284740 -0.279130 -0.273686 -0.268409 -0.263304 -0.258374 -0.253620 -0.249047 -0.244657 -0.240452 -0.236436 -0.232611 -0.228978 -0.225541 -0.222302 -0.219262 -0.216423 -0.213787 -0.211356 -0.209131 -0.207114 -0.205306 -0.203708 -0.202321 -0.201145 -0.200183 -0.199434 -0.198898 -0.198577 -0.198469 -0.198577 -0.198898 -0.199434 -0.200183 -0.201145 -0.202321 -0.203708 -0.205306 -0.207114 -0.209131 -0.211356 -0.213787 -0.216423 -0.219262 -0.222302 -0.225541 -0.228978 -0.232611 -0.236436 -0.240452 -0.244657 -0.249047 -0.253620 -0.258374 -0.263304 -0.268409 -0.273686 -0.279130 -0.284740 -0.290511 -0.296440 -0.302524 -0.308759 -0.315141 -0.321667 -0.328333 -0.335136 -0.342070 -0.349133 -0.356320 -0.363628 -0.371051 -0.378587 -0.386231 -0.393978 -0.401825 -0.409768 -0.417802 -0.425922 -0.434125 -0.442406 -0.450762 -0.459187 -0.467677 -0.476229 -0.484837 -0.493498 -0.502208 -0.510962 -0.519755 -0.528585 -0.537446 -0.546335 -0.555247 -0.564179 -0.573126 -0.582085 -0.591052 -0.600022 -0.608992 -0.617959 -0.626918 -0.635866 -0.644799 -0.653714 -0.662608 -0.671477 -0.680318 -0.689127 -0.697902 -0.706639 -0.715335 -0.723988 -0.732594 -0.741151 -0.749656 -0.758106 -0.766500 -0.774834 -0.783106 -0.791313 -0.799455 -0.807527 -0.815530 -0.823459 -0.831314 -0.839094 -0.846795 -0.854416 -0.861957 -0.869415 
-0.840050 -0.832209 -0.824289 -0.816292 -0.808218 -0.800071 -0.791852 -0.783563 -0.775207 -0.766785 -0.758300 -0.749754 -0.741151 -0.732492 -0.723780 -0.715017 -0.706208 -0.697354 -0.688459 -0.679525 -0.670556 -0.661555 -0.652526 -0.643471 -0.634394 -0.625299 -0.616188 -0.607067 -0.597938 -0.588805 -0.579672 -0.570544 -0.561422 -0.552313 -0.543219 -0.534146 -0.525096 -0.516074 -0.507084 -0.498131 -0.489219 -0.480352 -0.471534 -0.462769 -0.454063 -0.445418 -0.436840 -0.428334 -0.419902 -0.411551 -0.403283 -0.395104 -0.387018 -0.379028 -0.371140 -0.363358 -0.355686 -0.348127 -0.340688 -0.333370 -0.326179 -0.319119 -0.312194 -0.305407 -0.298762 -0.292264 -0.285916 -0.279722 -0.273686 -0.267810 -0.262099 -0.256556 -0.251184 -0.245986 -0.240966 -0.236127 -0.231471 -0.227001 -0.222720 -0.218631 -0.214737 -0.211038 -0.207539 -0.204241 -0.201145 -0.198255 -0.195572 -0.193097 -0.190831 -0.188778 -0.186937 -0.185310 -0.183897 -0.182701 -0.181721 -0.180958 -0.180413 -0.180086 -0.179977 -0.180086 -0.180413 -0.180958 -0.181721 -0.182701 -0.183897 -0.185310 -0.186937 -0.188778 -0.190831 -0.193097 -0.195572 -0.198255 -0.201145 -0.204241 -0.207539 -0.211038 -0.214737 -0.218631 -0.222720 -0.227001 -0.231471 -0.236127 -0.240966 -0.245986 -0.251184 -0.256556 -0.262099 -0.267810 -0.273686 -0.279722 -0.285916 -0.292264 -0.298762 -0.305407 -0.312194 -0.319119 -0.326179 -0.333370 -0.340688 -0.348127 -0.355686 -0.363358 -0.371140 -0.379028 -0.387018 -0.395104 -0.403283 -0.411551 -0.419902 -0.428334 -0.436840 -0.445418 -0.454063 -0.462769 -0.471534 -0.480352 -0.489219 -0.498131 -0.507084 -0.516074 -0.525096 -0.534146 -0.543219 -0.552313 -0.561422 -0.570544 -0.579672 -0.588805 -0.597938 -0.607067 -0.616188 -0.625299 -0.634394 -0.643471 -0.652526 -0.661555 -0.670556 -0.679525 -0.688459 -0.697354 -0.706208 -0.715017 -0.723780 -0.732492 -0.741151 -0.749754 -0.758300 -0.766785 -0.775207 -0.783563 -0.791852 -0.800071 -0.808218 -0.816292 -0.824289 -0.832209 -0.840050 -0.847810 -0.855487 -0.863080 
-0.833264 -0.825283 -0.817221 -0.809080 -0.800862 -0.792569 -0.784203 -0.775766 -0.767259 -0.758687 -0.750050 -0.741352 -0.732594 -0.723780 -0.714912 -0.705993 -0.697025 -0.688013 -0.678958 -0.669865 -0.660735 -0.651573 -0.642382 -0.633165 -0.623925 -0.614667 -0.605394 -0.596109 -0.586817 -0.577520 -0.568224 -0.558932 -0.549647 -0.540375 -0.531118 -0.521882 -0.512670 -0.503487 -0.494336 -0.485223 -0.476151 -0.467125 -0.458149 -0.449227 -0.440365 -0.431566 -0.422834 -0.414175 -0.405593 -0.397092 -0.388676 -0.380350 -0.372119 -0.363987 -0.355958 -0.348036 -0.340226 -0.332533 -0.324960 -0.317511 -0.310192 -0.303005 -0.295955 -0.289047 -0.282284 -0.275669 -0.269208 -0.262903 -0.256758 -0.250777 -0.244964 -0.239321 -0.233853 -0.228562 -0.223452 -0.218526 -0.213787 -0.209237 -0.204880 -0.200718 -0.196753 -0.192989 -0.189427 -0.186069 -0.182919 -0.179977 -0.177245 -0.174726 -0.172420 -0.170330 -0.168456 -0.166799 -0.165362 -0.164144 -0.163146 -0.162370 -0.161815 -0.161482 -0.161371 -0.161482 -0.161815 -0.162370 -0.163146 -0.164144 -0.165362 -0.166799 -0.168456 -0.170330 -0.172420 -0.174726 -0.177245 -0.179977 -0.182919 -0.186069 -0.189427 -0.192989 -0.196753 -0.200718 -0.204880 -0.209237 -0.213787 -0.218526 -0.223452 -0.228562 -0.233853 -0.239321 -0.244964 -0.250777 -0.256758 -0.262903 -0.269208 -0.275669 -0.282284 -0.289047 -0.295955 -0.303005 -0.310192 -0.317511 -0.324960 -0.332533 -0.340226 -0.348036 -0.355958 -0.363987 -0.372119 -0.380350 -0.388676 -0.397092 -0.405593 -0.414175 -0.422834 -0.431566 -0.440365 -0.449227 -0.458149 -0.467125 -0.476151 -0.485223 -0.494336 -0.503487 -0.512670 -0.521882 -0.531118 -0.540375 -0.549647 -0.558932 -0.568224 -0.577520 -0.586817 -0.596109 -0.605394 -0.614667 -0.623925 -0.633165 -0.642382 -0.651573 -0.660735 -0.669865 -0.678958 -0.688013 -0.697025 -0.705993 -0.714912 -0.723780 -0.732594 -0.741352 -0.750050 -0.758687 -0.767259 -0.775766 -0.784203 -0.792569 -0.800862 -0.809080 -0.817221 -0.825283 -0.833264 -0.841163 -0.848977 -0.856707 
-0.826439 -0.818317 -0.810112 -0.801827 -0.793464 -0.785024 -0.776510 -0.767923 -0.759267 -0.750542 -0.741753 -0.732900 -0.723988 -0.715017 -0.705993 -0.696916 -0.687790 -0.678618 -0.669403 -0.660149 -0.650858 -0.641533 -0.632180 -0.622799 -0.613396 -0.603974 -0.594537 -0.585088 -0.575631 -0.566170 -0.556710 -0.547253 -0.537804 -0.528367 -0.518947 -0.509547 -0.500173 -0.490827 -0.481514 -0.472240 -0.463007 -0.453821 -0.444687 -0.435607 -0.426588 -0.417633 -0.408747 -0.399935 -0.391201 -0.382549 -0.373985 -0.365512 -0.357135 -0.348859 -0.340688 -0.332626 -0.324678 -0.316848 -0.309141 -0.301561 -0.294112 -0.286798 -0.279624 -0.272593 -0.265710 -0.258979 -0.252403 -0.245986 -0.239733 -0.233646 -0.227730 -0.221988 -0.216423 -0.211038 -0.205838 -0.200825 -0.196001 -0.191371 -0.186937 -0.182701 -0.178666 -0.174835 -0.171210 -0.167793 -0.164587 -0.161593 -0.158813 -0.156249 -0.153903 -0.151775 -0.149868 -0.148183 -0.146720 -0.145480 -0.144465 -0.143675 -0.143110 -0.142771 -0.142658 -0.142771 -0.143110 -0.143675 -0.144465 -0.145480 -0.146720 -0.148183 -0.149868 -0.151775 -0.153903 -0.156249 -0.158813 -0.161593 -0.164587 -0.167793 -0.171210 -0.174835 -0.178666 -0.182701 -0.186937 -0.191371 -0.196001 -0.200825 -0.205838 -0.211038 -0.216423 -0.221988 -0.227730 -0.233646 -0.239733 -0.245986 -0.252403 -0.258979 -0.265710 -0.272593 -0.279624 -0.286798 -0.294112 -0.301561 -0.309141 -0.316848 -0.324678 -0.332626 -0.340688 -0.348859 -0.357135 -0.365512 -0.373985 -0.382549 -0.391201 -0.399935 -0.408747 -0.417633 -0.426588 -0.435607 -0.444687 -0.453821 -0.463007 -0.472240 -0.481514 -0.490827 -0.500173 -0.509547 -0.518947 -0.528367 -0.537804 -0.547253 -0.556710 -0.566170 -0.575631 -0.585088 -0.594537 -0.603974 -0.613396 -0.622799 -0.632180 -0.641533 -0.650858 -0.660149 -0.669403 -0.678618 -0.687790 -0.696916 -0.705993 -0.715017 -0.723988 -0.732900 -0.741753 -0.750542 -0.759267 -0.767923 -0.776510 -0.785024 -0.793464 -0.801827 -0.810112 -0.818317 -0.826439 -0.834477 -0.842430 -0.850296 
-0.819577 -0.811313 -0.802965 -0.794535 -0.786026 -0.777438 -0.768775 -0.760038 -0.751231 -0.742354 -0.733411 -0.724403 -0.715335 -0.706208 -0.697025 -0.687790 -0.678504 -0.669172 -0.659796 -0.650380 -0.640927 -0.631440 -0.621922 -0.612378 -0.602811 -0.593224 -0.583622 -0.574007 -0.564385 -0.554759 -0.545133 -0.535511 -0.525897 -0.516295 -0.506711 -0.497147 -0.487608 -0.478099 -0.468623 -0.459187 -0.449793 -0.440446 -0.431152 -0.421914 -0.412737 -0.403626 -0.394585 -0.385618 -0.376731 -0.367929 -0.359214 -0.350593 -0.342070 -0.333649 -0.325335 -0.317132 -0.309045 -0.301079 -0.293237 -0.285524 -0.277945 -0.270504 -0.263204 -0.256050 -0.249047 -0.242198 -0.235507 -0.228978 -0.222616 -0.216423 -0.210403 -0.204560 -0.198898 -0.193420 -0.188128 -0.183027 -0.178120 -0.173409 -0.168897 -0.164587 -0.160482 -0.156584 -0.152895 -0.149419 -0.146156 -0.143110 -0.140281 -0.137673 -0.135285 -0.133121 -0.131180 -0.129465 -0.127977 -0.126716 -0.125683 -0.124879 -0.124304 -0.123959 -0.123844 -0.123959 -0.124304 -0.124879 -0.125683 -0.126716 -0.127977 -0.129465 -0.131180 -0.133121 -0.135285 -0.137673 -0.140281 -0.143110 -0.146156 -0.149419 -0.152895 -0.156584 -0.160482 -0.164587 -0.168897 -0.173409 -0.178120 -0.183027 -0.188128 -0.193420 -0.198898 -0.204560 -0.210403 -0.216423 -0.222616 -0.228978 -0.235507 -0.242198 -0.249047 -0.256050 -0.263204 -0.270504 -0.277945 -0.285524 -0.293237 -0.301079 -0.309045 -0.317132 -0.325335 -0.333649 -0.342070 -0.350593 -0.359214 -0.367929 -0.376731 -0.385618 -0.394585 -0.403626 -0.412737 -0.421914 -0.431152 -0.440446 -0.449793 -0.459187 -0.468623 -0.478099 -0.487608 -0.497147 -0.506711 -0.516295 -0.525897 -0.535511 -0.545133 -0.554759 -0.564385 -0.574007 -0.583622 -0.593224 -0.602811 -0.612378 -0.621922 -0.631440 -0.640927 -0.650380 -0.659796 -0.669172 -0.678504 -0.687790 -0.697025 -0.706208 -0.715335 -0.724403 -0.733411 -0.742354 -0.751231 -0.760038 -0.768775 -0.777438 -0.786026 -0.794535 -0.802965 -0.811313 -0.819577 -0.827756 -0.835848 -0.843851 
-0.812680 -0.804273 -0.795781 -0.787206 -0.778550 -0.769814 -0.761001 -0.752114 -0.743154 -0.734124 -0.725026 -0.715864 -0.706639 -0.697354 -0.688013 -0.678618 -0.669172 -0.659679 -0.650141 -0.640562 -0.630946 -0.621295 -0.611613 -0.601904 -0.592172 -0.582419 -0.572651 -0.562871 -0.553083 -0.543290 -0.533498 -0.523710 -0.513930 -0.504163 -0.494412 -0.484683 -0.474980 -0.465306 -0.455668 -0.446068 -0.436512 -0.427004 -0.417549 -0.408152 -0.398816 -0.389548 -0.380350 -0.371229 -0.362189 -0.353234 -0.344369 -0.335600 -0.326929 -0.318363 -0.309905 -0.301561 -0.293334 -0.285230 -0.277253 -0.269407 -0.261697 -0.254127 -0.246701 -0.239424 -0.232300 -0.225333 -0.218526 -0.211885 -0.205412 -0.199112 -0.192989 -0.187045 -0.181285 -0.175712 -0.170330 -0.165141 -0.160148 -0.155356 -0.150766 -0.146382 -0.142206 -0.138240 -0.134488 -0.130952 -0.127633 -0.124534 -0.121657 -0.119003 -0.116574 -0.114372 -0.112398 -0.110654 -0.109139 -0.107856 -0.106806 -0.105988 -0.105403 -0.105052 -0.104935 -0.105052 -0.105403 -0.105988 -0.106806 -0.107856 -0.109139 -0.110654 -0.112398 -0.114372 -0.116574 -0.119003 -0.121657 -0.124534 -0.127633 -0.130952 -0.134488 -0.138240 -0.142206 -0.146382 -0.150766 -0.155356 -0.160148 -0.165141 -0.170330 -0.175712 -0.181285 -0.187045 -0.192989 -0.199112 -0.205412 -0.211885 -0.218526 -0.225333 -0.232300 -0.239424 -0.246701 -0.254127 -0.261697 -0.269407 -0.277253 -0.285230 -0.293334 -0.301561 -0.309905 -0.318363 -0.326929 -0.335600 -0.344369 -0.353234 -0.362189 -0.371229 -0.380350 -0.389548 -0.398816 -0.408152 -0.417549 -0.427004 -0.436512 -0.446068 -0.455668 -0.465306 -0.474980 -0.484683 -0.494412 -0.504163 -0.513930 -0.523710 -0.533498 -0.543290 -0.553083 -0.562871 -0.572651 -0.582419 -0.592172 -0.601904 -0.611613 -0.621295 -0.630946 -0.640562 -0.650141 -0.659679 -0.669172 -0.678618 -0.688013 -0.697354 -0.706639 -0.715864 -0.725026 -0.734124 -0.743154 -0.752114 -0.761001 -0.769814 -0.778550 -0.787206 -0.795781 -0.804273 -0.812680 -0.821001 -0.829232 -0.837374 
-0.805752 -0.797201 -0.788565 -0.779843 -0.771039 -0.762154 -0.753191 -0.744152 -0.735040 -0.725856 -0.716603 -0.707284 -0.697902 -0.688459 -0.678958 -0.669403 -0.659796 -0.650141 -0.640441 -0.630699 -0.620918 -0.611102 -0.601256 -0.591381 -0.581483 -0.571564 -0.561630 -0.551683 -0.541727 -0.531768 -0.521809 -0.511853 -0.501907 -0.491973 -0.482056 -0.472161 -0.462292 -0.452454 -0.442651 -0.432888 -0.423169 -0.413499 -0.403883 -0.394325 -0.384830 -0.375404 -0.366050 -0.356773 -0.347578 -0.338471 -0.329455 -0.320536 -0.311717 -0.303005 -0.294403 -0.285916 -0.277550 -0.269307 -0.261194 -0.253215 -0.245373 -0.237674 -0.230121 -0.222720 -0.215475 -0.208388 -0.201466 -0.194711 -0.188128 -0.181721 -0.175493 -0.169448 -0.163590 -0.157922 -0.152447 -0.147170 -0.142093 -0.137218 -0.132550 -0.128091 -0.123844 -0.119811 -0.115995 -0.112398 -0.109023 -0.105871 -0.102944 -0.100245 -0.097775 -0.095536 -0.093528 -0.091754 -0.090214 -0.088909 -0.087840 -0.087008 -0.086414 -0.086057 -0.085938 -0.086057 -0.086414 -0.087008 -0.087840 -0.088909 -0.090214 -0.091754 -0.093528 -0.095536 -0.097775 -0.100245 -0.102944 -0.105871 -0.109023 -0.112398 -0.115995 -0.119811 -0.123844 -0.128091 -0.132550 -0.137218 -0.142093 -0.147170 -0.152447 -0.157922 -0.163590 -0.169448 -0.175493 -0.181721 -0.188128 -0.194711 -0.201466 -0.208388 -0.215475 -0.222720 -0.230121 -0.237674 -0.245373 -0.253215 -0.261194 -0.269307 -0.277550 -0.285916 -0.294403 -0.303005 -0.311717 -0.320536 -0.329455 -0.338471 -0.347578 -0.356773 -0.366050 -0.375404 -0.384830 -0.394325 -0.403883 -0.413499 -0.423169 -0.432888 -0.442651 -0.452454 -0.462292 -0.472161 -0.482056 -0.491973 -0.501907 -0.511853 -0.521809 -0.531768 -0.541727 -0.551683 -0.561630 -0.571564 -0.581483 -0.591381 -0.601256 -0.611102 -0.620918 -0.630699 -0.640441 -0.650141 -0.659796 -0.669403 -0.678958 -0.688459 -0.697902 -0.707284 -0.716603 -0.725856 -0.735040 -0.744152 -0.753191 -0.762154 -0.771039 -0.779843 -0.788565 -0.797201 -0.805752 -0.814214 -0.822586 -0.830866 
